2 0.5879117028509564 0.41466346153846156 0.13330729269498115 0.17307692307692307
1 0.7485484570772537 0.2980769230769231 0.07459379508695517 0.09615384615384616
1 0.667653886376168 0.21394230769230768 0.0430153526985781 0.06009615384615385
1 0.4188199467025054 0.24519230769230768 0.06148164890083517 0.08173076923076923
0 0.2970986929531737 0.28846153846153844 0.0867234529244963 0.16105769230769232
0 0.5631597235933081 0.23076923076923078 0.048697945103092374 0.10336538461538461
0 0.993134835302132 0.06850961538461539 0.013730329395736126 0.055288461538461536
1 0.9424554015348647 0.11298076923076923 0.02585998723327739 0.02403846153846154
0 0.8966539661681848 0.06370192307692307 0.027863665497574557 0.05048076923076923
0 0.88310578934193 0.10697115384615384 0.027681512928093246 0.04807692307692308
0 0.8557885815528002 0.06370192307692307 0.027681512928092972 0.04807692307692308
0 0.8406741765106592 0.10216346153846154 0.027681512928092972 0.04807692307692308
1 0.8023037143338615 0.10336538461538461 0.02345614107943124 0.02403846153846154
1 0.813903426429974 0.06610576923076923 0.023091835940468066 0.019230769230769232
0 0.7608918720100323 0.09615384615384616 0.024731209065802062 0.040865384615384616