2 0.4059151987589369 0.3803526018143094 0.15783526297499684 0.19828259502747364
0 0.6826126925248835 0.20000908400265177 0.12135754638266533 0.1896018181922185
1 0.5493973888582967 0.18145577905939939 0.07262799991312349 0.09408873214375837
1 0.2843442755082608 0.2030475014922964 0.05199714973355663 0.06926667680598128
0 0.39732504473903 0.1984438879213173 0.06667653430550292 0.11542949985363048
1 0.21906782215155557 0.2944385398074653 0.09057498774908473 0.1140051459489288
0 0.16670655475989365 0.1023226558061597 0.02924246958990309 0.04915436455098202
0 0.09240919040342757 0.12213703024297347 0.03178632383862898 0.0516561599297426
0 0.0498518543790407 0.13226460321743788 0.03687403233608081 0.0566597506872638
1 0.12874689890087943 0.11586009956156443 0.02289468823853328 0.02251615840884544
1 0.11402009724715287 0.08048805182827326 0.02035083398980739 0.020014363030084824
1 0.004353226786948272 0.15470525463587637 0.008706453573896544 0.03193564457440113
0 0.03343310131631187 0.10535499163506544 0.028262412925744666 0.03232744147405894
0 0.06991081790864348 0.09667421479981025 0.025858566771898513 0.03222949224914448