0 0.775630284528723 0.5418570413351178 0.020419830480900732 0.04142494285074072
0 0.730179903770696 0.5768048659082249 0.04345334145390631 0.09013136894243946
1 0.7255470734115524 0.5709351400824485 0.03010515987570491 0.044108568122265
2 0.6258224304166469 0.572635925351435 0.022823676634746885 0.04149488763016015
2 0.5489122153203614 0.6157045705185342 0.04048993706470419 0.07083065493225067
2 0.4561635527951528 0.542746235459451 0.024737909332656634 0.024737909332656634
0 0.5984451169383026 0.5229944934737 0.015542193393789133 0.038881207138055575
0 0.5866228586805391 0.47530226668358416 0.010454721968418705 0.02912593296383183
0 0.5071910184344867 0.4812162136351972 0.010384777188999276 0.026722086809985675
1 0.4554383813473748 0.4851238725465628 0.012438899445747883 0.014772800820174471
0 0.4235239059428895 0.508869693140555 0.012928512901684286 0.031599723897097545
0 0.4777282234003487 0.5445205785985215 0.005157416204789856 0.012159120328069761
2 0.3669893002016682 0.5945780660621092 0.022753731855327593 0.039091041476313995
1 0.44122875185322097 0.6020251625154891 0.03519263130107534 0.05386384229648847
1 0.35427062163824236 0.6189662514976683 0.04289378321855034 0.07090059971167023
0 0.9518933081598983 0.5511391769708608 0.04798125464392063 0.08065587388589371