1 0.32769608078636114 0.6169121292409196 0.03642541140439161 0.05386384229648847
2 0.32806891069270255 0.5868990247075525 0.022138536339260037 0.010244887630160147
1 0.3967726072449518 0.604101395335156 0.02883593222686966 0.046442469496691584
2 0.3978383284639296 0.5608671369556351 0.02264245729390469 0.019860272245544763
0 0.3695539748821088 0.5280876005445327 0.011001167240657413 0.026722086809985675
0 0.4429291618841049 0.501950795623486 0.011001167240657413 0.026722086809985675
2 0.48989270605164603 0.613392779707026 0.03427352572786765 0.058601589824761345
0 0.5139686036612277 0.49748357847676417 0.010875187001996248 0.024318240656139523
0 0.5248591230921501 0.5415700360361109 0.01618680026433321 0.03407351483036326
2 0.5504246799234718 0.580429132611248 0.023398338725871673 0.034283349168621684
0 0.6439227194461494 0.5825089785215793 0.03781119402966427 0.08030614998879616
1 0.6380390843001954 0.580279994316282 0.02605414535704015 0.03916098625573356
0 0.41466525154085254 0.5603775234996985 0.007841439654844278 0.012229065107489326
0 0.6861108965674763 0.5560795326560631 0.016438760741655536 0.038881207138055575
0 0.8418569756128316 0.5611485066091796 0.03958513899020461 0.06835686399898495
2 0.9184174442488513 0.63452651034478 0.08246620742416784 0.10800746371065519
1 0.3970671146030363 0.5068855156632258 0.01277511220119775 0.014772800820174471