1 0.6425759036968569 0.5963655874463669 0.03642541140439175 0.053667917348504283
2 0.6410011507135924 0.5663175105232902 0.022138536339260037 0.010118935877884748
1 0.5735623673575969 0.5883447818288992 0.026306105834362343 0.04382873217200857
2 0.570092799984773 0.5451035261298073 0.02264245729390469 0.019734320493269227
0 0.5984401436859242 0.511952226299412 0.011001167240657413 0.026666108253418787
0 0.5250649566839282 0.4895922689692838 0.011001167240657413 0.026666108253418922
2 0.48050525867023325 0.6037479911458864 0.034273525727867786 0.05841965951591878
0 0.45288658194921294 0.4900688501006941 0.010875187001996248 0.02426226209957277
0 0.44319798559521356 0.5348197546482368 0.016186800264333074 0.03398954699551272
2 0.41763242876389184 0.5751266427998929 0.020994492572025517 0.03410144727606834
0 0.32672720575305203 0.58566620966891 0.037685213791003105 0.07770637888696595
1 0.33014400462582955 0.5819765152277241 0.026054145357040016 0.039021039864316265
0 0.5532658769078499 0.5454951771117517 0.007715459416183115 0.009783235036217901
0 0.28327411543547165 0.5602030294314635 0.0164387607416554 0.038797239303205173
0 0.12765401662877743 0.5758590193187499 0.03718129283635852 0.06809099427158134
2 0.06209982604305713 0.6568084964637286 0.060831592039552435 0.10705608399561967
1 0.5709270039649967 0.49213498553477514 0.01277511220119775 0.014702827624465824