2 0.8138057740361533 0.6886178770206915 0.07073272837725661 0.07918956917374341
2 0.4355284471937615 0.7379807182813696 0.06814672965392887 0.07670177886246503
2 0.5813957507333117 0.5955051172790532 0.03434659368118668 0.041956658662001885
2 0.37848876605337894 0.5736683005784785 0.03951859112784216 0.046932239284558225
2 0.1295278873443899 0.6438224861106405 0.05117351675810989 0.04254426776402635
1 0.07773618737666399 0.6600923344972233 0.04432628343553453 0.04710012759942227
1 0.4911288391535843 0.8673953946747753 0.07233623875200507 0.13199024040092658
1 0.6951603437761624 0.6337109937294849 0.03802550782140393 0.05886752589635691
1 0.7513954309126174 0.6124655647203456 0.0398828962668056 0.0517399315922504
1 0.2050461184292161 0.4953678041353931 0.030667679540969564 0.025045791427646583
0 0.7849983217571382 0.8173648296934511 0.09411714395551649 0.16631563981422942
0 0.11628596330639004 0.5008775841142264 0.030631816790383952 0.05621184727021436
0 0.26233825823197504 0.5198793962067628 0.026188429621654744 0.06085165126304263
0 0.15726319439836148 0.6440590513770947 0.047605029686202935 0.09036935836865304
0 0.21546467764025162 0.6010530907471918 0.018066128312708426 0.048580588021515596