1 0.7974732431170788 0.4265681118397765 0.02091170221018064 0.024710014797918234
1 0.9138076416317056 0.4261025894350896 0.03103136671938846 0.032257329889185046
1 0.8226971543825333 0.5288002503298279 0.052447348823392304 0.06417888314864174
1 0.6233712869025787 0.550148720241052 0.026559861007578654 0.036897133882013176
1 0.2855386189632585 0.6147015735087273 0.041991497718302254 0.05182387574968262
1 0.21602044379099633 0.6315170589186186 0.03494805255470491 0.053975889431232375
0 0.1978487743305442 0.6513354372514125 0.11272806931741765 0.1717948853813784
0 0.6915194456999767 0.5357790530637229 0.0356204257464695 0.06359127404661713
0 0.8811370852741711 0.39606977971785484 0.02963608035318926 0.046596462654829876
0 0.9553877027465598 0.5001868322113178 0.021314902138663265 0.09906135725228483
2 0.06932705174874555 0.654624526597106 0.058986514093166416 0.05481533100555352
2 0.31139260011277226 0.6221916493154359 0.07184621135210278 0.06725428256194459
2 0.6566554397942425 0.5885530194180322 0.06972801181146857 0.10554793270861887