0 0.8101870355368168 0.8510074750301435 0.0962433255813955 0.15295284215724955
1 0.5381350234829794 0.9243424088444344 0.0729142101257919 0.12613290084870626
1 0.1097615159156108 0.71763807879664 0.0436382029133658 0.04398253871100895
1 0.2128529350313783 0.5425680894118075 0.02302102453360601 0.022012249000850987
1 0.7026804073884789 0.6567514054740488 0.0394466924496693 0.05351400474500778
1 0.7539475454326053 0.6305879164634219 0.03673475537382514 0.04866435314662272
0 0.19087610330238422 0.7065960782976991 0.058276206519578815 0.0850577197798576
0 0.13069047002868078 0.5560349157099409 0.03658070991282631 0.04626050699277657
0 0.23983255943152623 0.6443748969793799 0.02681127983644272 0.04368882367615885
0 0.26801779171990947 0.5584509284481418 0.019137604991907455 0.03635140734254213
2 0.8250597921458406 0.707559035969369 0.06967925544481364 0.0756521316179373
2 0.5873119335122259 0.6214638767519964 0.036426664451827406 0.04385666083893041
2 0.4642195178606943 0.7848503096931408 0.06742945475196649 0.07801401848109044
2 0.3918301677456926 0.6128433485288849 0.036426664451827406 0.04385666083893041
2 0.15773097565096583 0.6963452210297447 0.04557991268421508 0.03681295954016351