0 0.8557958702560293 0.6696556242998857 0.043510013688074715 0.06800043983503283
0 0.8448887936256916 0.7903033134158972 0.1628044177823835 0.29032176572349316
0 0.5955846100042735 0.5863270223274744 0.03600462755179297 0.06024244366504961
0 0.6052448790886733 0.5256844107728758 0.023103853758332075 0.037697065433026575
0 0.5086237290447624 0.5150327436830333 0.023201802983246502 0.04010091158687273
0 0.4109741121392499 0.5296214612085757 0.020602058379571495 0.03511106670969884
2 0.6114361309754943 0.6678024940793141 0.055823092132048766 0.07612274114397949
2 0.32025854659430103 0.7857235722862084 0.1853736409471285 0.25608559911061674
2 0.23059179151931603 0.6043988282732892 0.05572514290713434 0.07371889499013307
2 0.41171282146955035 0.5703046932544786 0.04002872606016958 0.04137597957324356
1 0.7960956034529754 0.7233061321212896 0.08824848283102217 0.10733687839339368
1 0.4513232182521125 0.5097890207352065 0.01751256765132421 0.018101991063294173
1 0.24786357625179628 0.6510185307943596 0.08893412740542331 0.12416380147031675
1 0.043730452998556615 0.6424451062865392 0.08746090599711323 0.16703286434999853