2 0.39116085713657117 0.41826917981983114 0.1451585488354767 0.20198414574644566
0 0.7090795549867852 0.26278989349316234 0.09206409911260274 0.19292583582140127
1 0.19397914083243156 0.2988247614161909 0.08508811864290565 0.11823871673730633
1 0.2848963772659414 0.19819517004557036 0.05010532168008887 0.0713904216101802
1 0.5730303023933007 0.21821192015551302 0.060560043648507644 0.1005723520860624
0 0.40808706173716114 0.21434671032422628 0.05397800820174471 0.12195513499838152
1 0.11765782071574946 0.07409568044325988 0.02466796455323714 0.022474056958936253
0 0.16552490945441398 0.06520525883307969 0.02543735712685173 0.048916364651243945
0 0.07201971618238227 0.07689254251139258 0.030524828552222057 0.05869963758149272
1 0.10084375946561777 0.03377593285118382 0.024737909332656634 0.02487790311278239
0 0.020441941043819228 0.08230311112695166 0.03533252085991438 0.05886752589635691
0 0.047002027732047605 0.04407813793186729 0.022613842296488516 0.034409343570734933
0 0.006171615506372742 0.046707111685135826 0.010524666747838236 0.03158577662972835