2 0.866289006270515 0.7093682441957252 0.04983975038299677 0.054123820620400935
2 0.63750390086797 0.6800445193257448 0.059790911628109726 0.06446781551371163
2 0.28985432708618847 0.6453100114971957 0.0662774870844439 0.11290904372959787
1 0.7482067401810413 0.6920293067526665 0.02099359653684292 0.05193798978662191
1 0.6672162011613186 0.6727060418288798 0.035248785145055944 0.048223212895819115
1 0.32925068894651155 0.6063392974860747 0.022977721903528776 0.040100911586872595
1 0.11149275162985448 0.5838448745633767 0.052747261481435576 0.06872905011295917
1 0.14120122238439256 0.4734142413053496 0.024961847270214495 0.028263833387123547
1 0.022420698162588175 0.47040730450062707 0.013026560658415795 0.029756916693561772
0 0.04532591357571655 0.4397769071185197 0.03301282730607381 0.0528487526340297
0 0.25559760462447556 0.5911682595015021 0.03343254809323426 0.06486798340326033
0 0.7305136706569234 0.7002785470969393 0.09199483177154705 0.16280749250133653