2 0.7208997090677316 0.6887707019273125 0.08976743259338076 0.14493285690191016
2 0.2844128323791549 0.7059867604303118 0.0896835215864919 0.13050977997883323
0 0.6287362242595615 0.6194330826354079 0.03642130667087702 0.06375916236148117
0 0.4098883280848579 0.6286210873860111 0.043716756139304196 0.07843407175685449
0 0.4501461592554484 0.527842704445179 0.01702271542633022 0.03424145525587076
0 0.2792563122312421 0.5591422846521162 0.021816422566207742 0.03200549741688878
1 0.5090194122729569 0.5335051055330343 0.019314680237657946 0.015094630182533618
1 0.4379381287207178 0.5598749067349416 0.021760481894948596 0.022390112801504165
1 0.31430787381141845 0.5267056287810353 0.012089156608304837 0.012438951556391204
1 0.27762784153596776 0.6324176202657079 0.04097726595790304 0.020657819907114572
1 0.6985037033923592 0.6122520785855537 0.03140383684596278 0.027533581738924687
1 0.5180264420883979 0.6384081898550703 0.03397550501358651 0.05646367974251076