1 0.6708302796734784 0.4452272901202009 0.12562439953161741 0.20123316821228945
1 0.6957828982748585 0.18572091316484995 0.05101539982435646 0.07575843600501611
1 0.614925491781435 0.052855328743109734 0.017708466101153064 0.022909683370986415
1 0.6090852424686989 0.019747940297708308 0.01501077227256349 0.015515992339966376
1 0.7326384463294897 0.01637669835402256 0.020112312254999355 0.02309183594046799
0 0.6822780685581423 0.006950563349502529 0.023691549107818642 0.013901126699005058
0 0.6853226748173746 0.030745981151220972 0.023201802983246502 0.04010091158687264
0 0.6493853739691041 0.012341285820363538 0.021091804504143632 0.024682571640727076
0 0.6489221602224817 0.04189173123190614 0.020700007604485923 0.03751491286354491
0 0.5762190802576105 0.06177938523943032 0.02109180450414377 0.04713029747892952
0 0.7706755738526818 0.25912787773362184 0.1057079857264469 0.1829490245795138