1 0.12659105850299948 0.434647771262798 0.02255800111636834 0.026694049233706132
1 0.010166714997509187 0.4324685374332869 0.020333429995018373 0.03401747282475508
1 0.08199015888188706 0.5420944369093713 0.05772284210399203 0.07035487795622344
1 0.2902853326921816 0.5636993968809809 0.030273204522499323 0.04120104000391592
1 0.6373587350389702 0.636552652218116 0.04279610023632248 0.05576397333888094
1 0.707642615396691 0.6537563455418228 0.0380723520860624 0.05811187692797185
0 0.7249579362123645 0.6739792532316831 0.12168042719202177 0.18163108309258674
0 0.22107745917523564 0.5500874871468546 0.0408119748696369 0.06775523282573395
0 0.042429738245510225 0.401986905633357 0.03292888314864172 0.048440549747832
2 0.859321488355453 0.6796243998800754 0.062194757781955885 0.06079543590559393
2 0.60826074872052 0.6440998460681857 0.07463370933834722 0.07295452308671294
2 0.24795092532173546 0.606242216373708 0.07597681585726061 0.1114160615482514