2 0.9162124041548763 0.7198214669221688 0.07494773185101931 0.19024257829760452
1 0.4502947513905108 0.5516174642303151 0.037526930681409 0.037526930681409
1 0.9085029392818811 0.6145419822775103 0.045620012167177586 0.059455393740767803
1 0.5085441319109134 0.4472501451312786 0.0177084661011532 0.022320259959016518
1 0.6169661720397185 0.4956290961698293 0.020112312254999355 0.022418209183930945
1 0.6969297650785856 0.4767717717476525 0.020112312254999355 0.022418209183930945
0 0.6360724596676236 0.4684521692906633 0.023299752208160933 0.04174692763961474
0 0.4739597681203799 0.4714579727416193 0.030805138344442814 0.049252313775896485
0 0.574462182978738 0.5669567968424561 0.04900335057016815 0.08359180450414377
0 0.8169833292204058 0.593072642821332 0.05111334904927116 0.07647821526751987
1 0.6826617922797646 0.5913462609550026 0.043510013688074715 0.0665689829773917
2 0.4424506331104706 0.6263325934493748 0.09221951658349958 0.14294924901999687