0 0.7700245289007869 0.5931392411346081 0.022145210342474596 0.03857341980405675
0 0.7356793546278766 0.6318175496972759 0.054998720717222775 0.09162585720244984
1 0.7303252046117397 0.624633981571367 0.03212490009682211 0.043437052783008204
2 0.6343535110273749 0.627597234437805 0.024366903926839163 0.03618355881802552
2 0.5540440996018727 0.6785674845420921 0.05131980657700579 0.07478494895771184
0 0.6021375346458121 0.5832939026054287 0.016973212895818983 0.03373775716073487
0 0.5867484813411722 0.5388926745983489 0.011619062879681917 0.02649824836356684
0 0.5164725537958961 0.5477186985873469 0.01143691031020047 0.024094402209720683
0 0.4980076770019155 0.6055438653738953 0.005718455155100235 0.012047201104860341
0 0.44534107693736735 0.576991400051852 0.011801215449163504 0.02890209451741299
2 0.38774126493807703 0.6578908531527904 0.029538901373494506 0.0410192214613474
2 0.47267621610179006 0.6044887865590275 0.02826383338712341 0.024192298384424323
1 0.3610809419257021 0.6869048290127218 0.05077334886856104 0.06757341049617338
1 0.45337372136984955 0.6671286382371755 0.04265104755961465 0.055512224223498115
1 0.46996185893485926 0.5527991016674277 0.010343994893310957 0.00967132528664376
0 0.9506772955782116 0.5968980458561907 0.05390580530033326 0.07720278027937291