2 0.3743654286642016 0.4240708489507918 0.159376194910378 0.2044164025044727
0 0.6661755928638967 0.27165215915609114 0.10840567955503662 0.1891622170542638
1 0.18477378227616412 0.31551634318652977 0.09364387048820119 0.12108429744157675
1 0.2646088035687248 0.21940723674645837 0.05572514290713434 0.07310053860351545
1 0.5352863689387032 0.2307277357242255 0.06882181515042408 0.1003130736008179
0 0.3821523920449002 0.23296507972002262 0.06479771664204734 0.11923575190958925
1 0.10285728639974702 0.10781656147599199 0.024920004562691594 0.023175069994604947
0 0.14666523790600725 0.09736822592781934 0.028401292190596658 0.049771423147911574
0 0.05934318256823012 0.11105335856262616 0.03350283217303232 0.05729105253144798
0 0.015014862416005782 0.11766485668853115 0.030029724832011565 0.05744509799244691
0 0.03493536636461832 0.08900318891444482 0.019818464580255917 0.015655440611068546
0 0.0006407601053860818 0.09510596853792203 0.0012815202107721636 0.01713501399892098