1 0.26786691291677883 0.7030920002346152 0.046484244112027485 0.0707745911268164
1 0.36758457137782774 0.6971643001823181 0.03913284923860106 0.05858750993675207
1 0.4071353057214648 0.5832323785668266 0.009755241027272578 0.012243031330341863
1 0.6656894657371285 0.6926303289417195 0.029405579493705966 0.04874832476025649
0 0.7170644739386671 0.6649850932334396 0.01965033846643339 0.036505293429914494
0 0.6742008267639116 0.7008479649892089 0.051599620525873476 0.0973287990996797
2 0.5658039795818138 0.6841349520709397 0.02448600205650318 0.039021039864316265
0 0.5411641354722337 0.6330117611660252 0.017246492312587236 0.036449343289636824
0 0.5333791857219543 0.5839007654330124 0.009951040003915916 0.02906995440726494
2 0.47127162574055487 0.7224026749196043 0.04410836924055895 0.0731224871403846
0 0.4588179980291571 0.5820294505508543 0.012298943593006966 0.02431821223985044
0 0.42587741957593994 0.6441108294378203 0.004919577437202787 0.009727284895939957
0 0.3773249846985976 0.6043644476279911 0.01238285744013969 0.0315297507013889
2 0.4005671067546113 0.6386886905261213 0.02672202051608375 0.024653913081517285
2 0.3000670944523034 0.6807020579562497 0.02691781949272702 0.041480836158440365
0 0.9037261775326529 0.6918989573619115 0.053863610267831666 0.08536551847072633