0 0.23514914086355215 0.6341909736770384 0.019902117881854517 0.03924513226085388
0 0.271674468661043 0.674740068383172 0.04979725399532912 0.1005166768059814
1 0.2874673058238143 0.6644880138058434 0.01766610889077965 0.04876256765132435
2 0.38484405469993 0.6593191471198853 0.022305964035700673 0.03934308148576859
0 0.4145713536506332 0.6076629871901427 0.01509442557416221 0.039049233811025166
0 0.42622784715679757 0.5591452926011046 0.010076936813005725 0.026834104591965405
0 0.501823123130873 0.5632714304778379 0.010118896103698479 0.029237950745811557
0 0.5272164485558599 0.6222901428499328 0.00746329420569553 0.014716924597820206
0 0.5807094736555213 0.5852794906710457 0.012522742257544768 0.029335899970726123
2 0.5536587562481675 0.6212127013758738 0.024458054445389895 0.025017953787605816
2 0.4812767195354569 0.7082368188954654 0.04705773351594025 0.08118795835029748
1 0.5898274300747693 0.6821944883896999 0.039510520728859216 0.06166334144478496
2 0.6549410726820797 0.667530628547779 0.027197574924778624 0.044346672243289746
1 0.6952609865184575 0.6971154917242333 0.0493776610884009 0.07647821526751987
0 0.033058226777703884 0.6520340931852365 0.054227312686785975 0.07907795987119488
1 0.5510180507033333 0.566071163674784 0.01231294580408059 0.017316669201495216