0 0.11801728418936665 0.647155368628369 0.029489493340838828 0.05730558111375517
0 0.08324627087104426 0.7552108922361749 0.13749642670027815 0.2570093785308573
0 0.37226555084950685 0.6168963351332057 0.02222201231454526 0.05199360891223939
0 0.37644388930370287 0.5631459832675495 0.014786703593985843 0.032258559787646815
0 0.46658812007293365 0.569449481940342 0.014814674876363326 0.034662405941492974
0 0.5546082175120944 0.5996233488536548 0.01238285744013969 0.032090466489705705
2 0.341854689320835 0.6868265068753557 0.03916082052097868 0.06278564661321194
2 0.5850355908778971 0.8407391140876701 0.12978140515594289 0.21323586786780305
2 0.7046536452161498 0.6965835948644664 0.039160820520978544 0.06278564661321194
2 0.545398416491185 0.6338067448926594 0.03161362667090892 0.033435212873234615
1 0.1607139457351705 0.7041835398038772 0.06347899488321627 0.08850504113108461
1 0.520688644175661 0.5744335042209404 0.01459090461734264 0.01543163671072374
1 0.6786728636830726 0.7343980301255755 0.06367479385985948 0.1053319642080077
1 0.8856134175316739 0.7668828999023589 0.0904807282230761 0.13843099048536034