0 0.3161890729899027 0.7406982335235817 0.10054271126841823 0.18133449674872948
0 0.9591737118593611 0.33047024747990783 0.03933317851288228 0.06481068191498437
0 0.8043043836749918 0.38983907132918555 0.024154220157838652 0.049463332225913564
1 0.9612949326780323 0.4629898768634443 0.055645959015876656 0.1017926469886703
1 0.6689194456023393 0.7289478811795422 0.07929625821907066 0.14164059459919925
1 0.35980903002328096 0.5835401022659502 0.04604079601977609 0.05565743368259664
1 0.29098446404201267 0.5819207825198052 0.0368033521203751 0.06225279030013922
1 0.860106987787382 0.3500842879575184 0.03276176286393396 0.030848744839140352
2 0.24245127770084923 0.6453289137774364 0.07880255888371004 0.08650617852173671
2 0.4752038670271804 0.5303187977539245 0.045662855303792736 0.048445895221058174
2 0.6834310666929574 0.614657725530282 0.07918049959969355 0.09371771698327531
2 0.6888414457421195 0.4647720139563262 0.04085516299610029 0.048137804299060165
2 0.868494895277633 0.4641129348042117 0.029465833420175613 0.05938680776329619
2 0.9854236635870433 0.4805261460232249 0.02915267282591353 0.04302202106936999