0 0.916240004524117 0.5267792295269482 0.06690930835314045 0.08522555694262889
0 0.7226725098298132 0.5541744343208362 0.026180125595701043 0.04128497752231297
0 0.6925716644066898 0.6015319661638038 0.0703209964162759 0.10449828546409101
1 0.6760596919264196 0.5958160658140383 0.02896191246553096 0.048538475274544184
2 0.5814278302557916 0.6142794012279817 0.03086183766473246 0.03896504994985232
2 0.49363978795000263 0.6854595148637692 0.06197563580678697 0.08273779220739695
2 0.4203071478287687 0.6182925967813244 0.030357916710087807 0.02934966533446798
0 0.5510545811167776 0.5751823901138734 0.02605414535704015 0.03888113136846682
0 0.5329525232243166 0.5310678902386086 0.013279033155842402 0.02424825799192558
0 0.4633720758110814 0.5526964223310465 0.015934839787010883 0.029097909590310913
0 0.4456735126828145 0.6154481780752037 0.007841439654844278 0.012145108641309302
0 0.39158186341163387 0.5935767032996002 0.0184646661795182 0.031543715034849824
2 0.3266984604963561 0.6859718394130747 0.03111379814205465 0.043772742257544905
2 0.390274403334618 0.6872637643635608 0.049074543366928194 0.06570107267700984
2 0.28982700744700834 0.7250417875896594 0.06412752148331087 0.07797205919039768
1 0.4170061075753682 0.5667148027003642 0.015178958355043903 0.014674832667233854