1 0.8670580396038942 0.8372187967158025 0.10355310277832921 0.12833648573622453
1 0.44126706212461286 0.5835119469271798 0.015108721497478054 0.017666971646201766
1 0.20643702866487465 0.728865024067448 0.08942387352999558 0.1347079756284843
1 0.003946600000673106 0.7209319797410814 0.007893200001346213 0.1774408825590858
0 0.4018750060263872 0.6041083558706419 0.015892315296793615 0.036897740876970855
0 0.5011673175209379 0.5918198416068663 0.018492059900468625 0.0418454412795429
0 0.603036931384656 0.604981724100795 0.018394110675554194 0.03944159512569675
0 0.6028451230782692 0.6688236552725978 0.031294884469015086 0.06177625098471095
0 0.9107149771293405 0.7710893189441431 0.04120411675914299 0.06954782182576863
0 0.45270268768779914 0.6576693031887662 0.010301029189785748 0.01738695545644202
2 0.6303730525315202 0.7619899143521885 0.056214889031706475 0.08481094731812423
2 0.2663230221135764 0.8793984007182677 0.22854492249144484 0.24120319856346456
2 0.21408524849508598 0.6594335017956692 0.0424325722140158 0.040841676074494376
2 0.40386461304606797 0.6439818295514231 0.037624879906323426 0.04056165988473518