0 0.2423231442568214 0.5612980769230769 0.027135055219648353 0.040865384615384616
0 0.2742644723758854 0.5997596153846154 0.056856109162624374 0.08413461538461539
1 0.27823454674561776 0.5949519230769231 0.036932592404514554 0.04326923076923077
2 0.3659928627362952 0.6105769230769231 0.02935674880401292 0.038461538461538464
2 0.42355681198499984 0.6598557692307693 0.05077334886856104 0.0673076923076923
2 0.5235358620979591 0.609375 0.025859987233277256 0.02403846153846154
0 0.40505607244043357 0.5709134615384616 0.021963057772992876 0.036057692307692304
0 0.42729235906764873 0.53125 0.01642675518737436 0.026442307692307692
0 0.49581990582755703 0.546875 0.013840756464046623 0.02403846153846154
1 0.539380296826303 0.5588942307692307 0.01311214618612028 0.014423076923076924
0 0.5603042333082849 0.5841346153846154 0.01660890775685595 0.028846153846153848
0 0.5031942460750076 0.6081730769230769 0.008122301308946388 0.01201923076923077
2 0.5888757388919398 0.6670673076923077 0.029174596234531336 0.036057692307692304
1 0.5207304286462875 0.6622596153846154 0.042468894990133066 0.052884615384615384
1 0.5930638285817393 0.6911057692307693 0.053359347591888776 0.06971153846153846
0 0.0874392885279332 0.5432692307692307 0.05871349760802577 0.07692307692307693
2 0.004566067979225814 0.6153846153846154 0.009132135958451628 0.13942307692307693