2 0.7706963813038814 0.5861350963730332 0.09280827384296614 0.13915067320718622
2 0.3713253508907405 0.6516449500756002 0.08962070115105683 0.12219776989160198
0 0.6803249147392851 0.5342429904687808 0.0387447547239088 0.05958201127222514
0 0.4806114092992123 0.5663969557816027 0.044336173569663975 0.07666089482647055
0 0.5086408754827795 0.46974429948275404 0.018282415219040206 0.03213186167062814
0 0.3553841735038467 0.5163315633379372 0.023090107526732514 0.03238382214795047
1 0.5639293370212409 0.4668467539935474 0.0174986886809772 0.015304938593705067
1 0.500369022075503 0.4990943742835526 0.020126456702841394 0.020238611140058538
1 0.38271885474087886 0.4823678773970801 0.012579035439275871 0.012649131962536586
1 0.35737313704618046 0.5849041688418831 0.03935722593361049 0.021246453049347844
1 0.7434110526791584 0.5176833602981062 0.02996576318624405 0.025550224402395363
1 0.5804829856178367 0.5635726220310109 0.03611698670204433 0.05464833872587167