0 0.2848628859728545 0.4134186751873933 0.10808847030766645 0.17739680884072215
0 0.43011980827408053 0.19871938768791061 0.02192026199782732 0.039806284845067506
0 0.3589542067887072 0.190154866167878 0.024156014853732363 0.037570531989162465
0 0.35506279094472615 0.151609281057369 0.02225644859370955 0.04461397715275982
0 0.3234766043488438 0.144616375876442 0.024828388045496953 0.04718591660454708
0 0.32616609711590194 0.18307791433798043 0.026896047603460742 0.042546317594795886
0 0.24878928028167197 0.13700163748642077 0.027064140901401856 0.04495016374864207
1 0.17753963214732812 0.1272351928894651 0.023315548364026658 0.02555130121993173
1 0.28384664947668253 0.1765305123932414 0.02091170221018057 0.025383207921990582
1 0.3425974969728674 0.33253660912129485 0.048312029707464725 0.07514106397832493
1 0.04620974355032073 0.38716205407583676 0.04703429665653614 0.12528564661321193
1 0.40524799698799857 0.5785188433206379 0.13363977152759815 0.2007123572047488
1 0.39277614624049456 0.19491201849290002 0.018171669460452122 0.020407422316357164
1 0.39282668622316486 0.16142626563699497 0.01576782330660597 0.02023932901841605