1 0.6414918725059293 0.5125519112093339 0.1332483541445044 0.19938118631279741
1 0.6423757473792931 0.2552774338117561 0.05178150724224705 0.07540037587378023
1 0.5497106056451293 0.12261042644477388 0.019650362137697587 0.024374135864004182
1 0.5407036307447907 0.08758682005123332 0.014716791957926745 0.017078678821080075
1 0.6633207642362909 0.08852482079964462 0.02205420829154374 0.024416095154697004
0 0.7618723732518059 0.02171455668808888 0.02433217657331136 0.01724651598385139
0 0.6870594274477253 0.03724074175353421 0.024919606643011002 0.050900362137697545
0 0.6109186806946431 0.05995748563517157 0.024919606643011002 0.05090036213769754
0 0.6174169112144035 0.10094874812263468 0.02470981018954669 0.038881131368466784
0 0.5782779408096024 0.07020834290312605 0.022431841907779068 0.04605071053931241
0 0.5835742482524395 0.11117862574524275 0.02226400474500778 0.03643532592392777
0 0.5111231893115123 0.12915061625522706 0.022431841907779068 0.04605071053931239
0 0.7252306043977772 0.3300633166783129 0.11132002372503919 0.182176629619639