2 0.4449179548181143 0.4085123660591406 0.13425344207510376 0.17932773209884226
1 0.5948383538167845 0.23372743153190192 0.06118703385888061 0.09549861948548774
1 0.26109449432014165 0.29375161804383837 0.07331814975762171 0.10546372799796991
0 0.7230245538118896 0.273527169538538 0.09098421130587298 0.17806872606929106
0 0.4421941230475538 0.22928593803876307 0.05900695796405513 0.11465944393683741
1 0.3317990133060852 0.21044347818546563 0.046484244112027485 0.07104048927050909
0 0.22014687998825228 0.0929733812450564 0.027001733339859814 0.04884631565053767
1 0.18155947075601458 0.10267157246665196 0.021914328208391447 0.02466796455323714
1 0.16874390050433608 0.0674311069490754 0.017050693335943896 0.019720382686705805
0 0.14185405229398665 0.10512325283699928 0.03180942564755215 0.048986205209376694
0 0.08209355383636409 0.0745284795053577 0.02448600205650325 0.03916098625573356
1 0.04428849844538536 0.1203193354243553 0.026749991798461374 0.027211700265922286
0 0.12182694358076965 0.06967295298116422 0.022082155902657094 0.039091041476314065