0 0.694282083930484 0.6442367660399747 0.02214521034247432 0.03980628484506737
0 0.6575316440954512 0.6827488444841835 0.05740256687106893 0.09487611310291737
1 0.6508665633423573 0.6750330261288215 0.03212490009682211 0.045286350344524405
2 0.5553681825569895 0.6756048793216853 0.026588597511203595 0.03533477913325756
2 0.4706498273050671 0.7252622153791191 0.05131980657700579 0.07771300343011234
0 0.5297096986767632 0.6315204520540841 0.01955921161914672 0.03723434539328024
0 0.5173634449274316 0.5871586148482361 0.011619062879682054 0.027114680884072147
0 0.446832219903226 0.5931012169002509 0.011436910310200332 0.024710834730225992
0 0.42313871272015824 0.6506507012859526 0.008122301308946388 0.012523510663054247
0 0.3745705454689455 0.6218803574138042 0.014205061603009658 0.029686620335859552
2 0.3081901279756773 0.7006107172729684 0.02972105394297609 0.045118257046583427
2 0.3990091748969559 0.6501716913834644 0.028263833387123547 0.025887487815813924
1 0.27836006637266764 0.7275237981927992 0.05317719502240719 0.07066955826651512
1 0.37263859270581956 0.7111588517019942 0.04523704628294239 0.06054989375730676
1 0.40052160898696354 0.5983209057778309 0.010343994893310957 0.01028775780714907
0 0.8736418512462448 0.6531539475058197 0.05871349760802584 0.08062112947778169