2 0.2777153590117126 0.6066990307521928 0.09614167956949132 0.14302700374819002
2 0.6790886444758036 0.6459543076497128 0.09348607767148838 0.12844988136411437
0 0.3681174288172778 0.5467587647726941 0.039510520728859216 0.06256088122213709
0 0.5682450693015546 0.56882876074055 0.04697381493455474 0.07744609452821102
0 0.5400824306908409 0.47196556850384624 0.01977624000977612 0.03248236368799162
0 0.6947467907055049 0.508981658999913 0.022180086163622274 0.032636409148990624
1 0.48355008678476347 0.4731817906834755 0.017120638111772897 0.017905241303915832
1 0.5490413630083092 0.5026764093903499 0.02201224900085085 0.02302102453360601
1 0.6653132067896514 0.4771763583780544 0.01222902722269481 0.012789458074225516
1 0.6923368612594814 0.5777223425760268 0.03879721278708104 0.021695496606752476
1 0.3041637499961978 0.5364178925660894 0.03171155219762111 0.0284448986852942
1 0.4696034584124767 0.5703369323338149 0.036980796702934526 0.05519529729959963