2 0.3386108626303467 0.5132089001039675 0.06811885949664287 0.07481181040702257
2 0.5287244934020248 0.545627799246858 0.03893705026195786 0.04377982572708984
2 0.7087480698232131 0.6397270118270816 0.06087934975272692 0.07186150654473167
2 0.7200260616094373 0.5769358515975663 0.03882516513244738 0.03416444111170509
0 0.4026903980193674 0.5504878662721523 0.0930244307888102 0.1511525668710692
0 0.979277819553913 0.5653583291015765 0.03907690667384582 0.055799056496320616
0 0.9573083908460804 0.6381471104607322 0.058643331293146486 0.086102430898327
0 0.8280033395558709 0.5683057941473142 0.022054184620279544 0.037697065433026575
1 0.8866318431425145 0.5499319936380742 0.029153837952307526 0.02862813852608658
1 0.683829354955171 0.6654586406167557 0.07569402462909053 0.10660826811546734
1 0.4360785169906262 0.5302014637833559 0.039104877956223305 0.05820290265016677
1 0.3781764246804865 0.5078009559619518 0.03913284923860106 0.06060674880401292