0 0.6938560391593876 0.7505734073262281 0.16575510598316504 0.3980353787696582
1 0.45516982030912057 0.6708039078223287 0.08729366060046054 0.13182189735769229
2 0.9387694448505488 0.5862406219341872 0.043576904461156335 0.053891717909615375
1 0.7633446162910388 0.5807095975590806 0.029125857202449843 0.04874832476025649
1 0.8246566783819306 0.5768790228281511 0.03147376268503658 0.039188890285149554
1 0.8059503529442161 0.4871823931811425 0.014479017594336067 0.009951085457051324
2 0.7453787033923592 0.5703119159188562 0.019440546747991158 0.036505293429914494
0 0.816452994360691 0.541017156011431 0.02415034288097983 0.019790270633547033
0 0.7769713400038218 0.5106903333260143 0.009783206629162048 0.029069954407265078
0 0.8684923084476603 0.47851615107238177 0.014590898936854356 0.029181854687820554
0 0.975526395548981 0.46520906213771285 0.014590898936854356 0.029181854687820554
0 0.9896278136123176 0.5201618228345077 0.014674809943743346 0.04360493161089734