1 0.8442421475349499 0.5319942237689689 0.02580447972109349 0.02345614107943124
1 0.5621351046280492 0.9449628381817896 0.06249960326783411 0.11007432363642085
1 0.344390009998126 0.6997084803800954 0.03836322797419811 0.06024244366504989
1 0.2832635796957287 0.6781455904966514 0.039982177157985695 0.05080921161914686
0 0.2586126612722197 0.906055593688332 0.08506618462135283 0.16411842323829345
0 0.8973971167597509 0.6956572655835583 0.0547485473224218 0.08537382062040066
0 0.9307806090734114 0.5385517162703056 0.026343997204967613 0.05933168081764183
0 0.8325176498616569 0.6459947635071798 0.028159170631269603 0.05230229492558509
0 0.7877028060419781 0.5579438678787104 0.020358959442186977 0.04454429875560187
2 0.9270281675759633 0.6882277118019526 0.04160112634177328 0.04137597957324383
2 0.6648370918199701 0.6260325451819309 0.03218196596890321 0.04305121544916364
2 0.6184778251463405 0.8087607156248242 0.06877917576046937 0.08165904372959787
2 0.21840908715163557 0.7615143134444782 0.07339064382564707 0.07961950271471462
2 0.45697813237778295 0.6538188075452277 0.03399713939520547 0.03602182955710676