2 0.473503354346732 0.40932852519216484 0.1139317606421755 0.1647761887332859
1 0.6445252591100293 0.26469385649754845 0.050998220439916725 0.08952970462223743
1 0.31405235362744244 0.270463189786012 0.060641575390930916 0.09444928205944016
0 0.7638373025851544 0.32136689651370154 0.07067651504075939 0.1666765518043352
0 0.4989387299563743 0.23655928622139552 0.04628842430692806 0.10630068513440527
1 0.39417562991465943 0.20168868928412342 0.038839137992538096 0.06535138667188786
0 0.3032831926673371 0.07203399696419391 0.02188634840528174 0.04352097231062924
1 0.26484263195752084 0.07519222567692144 0.019342650573287587 0.019454539489790087
1 0.2574283085626678 0.04025254259901937 0.016938804419441504 0.019426568207412485
0 0.22636011574426018 0.07113891592811047 0.02430417972694268 0.04595278974685298
0 0.17562761349282457 0.027282288228949955 0.021928303908726098 0.0507325107721677
1 0.13021326217432141 0.07122198770992925 0.0241783132166095 0.0243181743622376
0 0.06983740497187163 0.022445782573565998 0.029097886866820185 0.04360488615776205
0 0.21409614453827044 0.02893175182391475 0.019510472587065158 0.04830069333594394