0 0.7079378490084957 0.7651149042401688 0.2927671522610315 0.44959178087297313
1 0.4471757548503431 0.7204032588892589 0.12926407341580087 0.15692839345874943
2 0.9335572719311938 0.5573074285758758 0.060024428344982485 0.0650751014822072
1 0.7509919032742124 0.5789584354482769 0.04505489371346108 0.05719179741661461
1 0.8147669712605835 0.5650424966555881 0.044326283435534464 0.047576412801230136
1 0.7804590791465357 0.47660069923897347 0.017737685924331004 0.012802957307293913
2 0.7322165154671472 0.5720531325915895 0.029538901373494644 0.04209695488948384
0 0.8004901841564025 0.530604923963679 0.033071525694815855 0.025493953680578666
0 0.7542347867742951 0.5043272437450371 0.019194906480183686 0.03203372653806314
0 0.8433965291949466 0.45782108767158786 0.024002598787875994 0.032257648406081044
0 0.9506050491447373 0.42783561907021056 0.02159875263402984 0.032145687472072165