1 0.7332137645534746 0.6367978308098194 0.04718945742586446 0.06881868714146987
1 0.636709898162429 0.6341459817224876 0.039277878489926914 0.05654762389994271
1 0.5917379832889813 0.5237102420875548 0.01031542508978343 0.012355007398959117
1 0.34676642043420797 0.6394535603853615 0.029102461495023355 0.046596462654830015
0 0.29608749333156414 0.6171359540742578 0.018927044500119592 0.03664530140971678
0 0.3400449103047487 0.6481188543961193 0.053537238777234 0.09542888314864174
2 0.44483408440982114 0.6275983883921845 0.02373473680781183 0.036813189724580954
0 0.46487046097376417 0.5787239958196566 0.016383190251393634 0.034157511098438675
0 0.47041375656719053 0.5291513451147982 0.011295481753941718 0.029181930475882193
2 0.5384203677740512 0.6628700488713037 0.04492561936689791 0.0711385891378838
0 0.5437310642594982 0.5265910483131195 0.0134193117180284 0.024458182325621972
0 0.5783412585366127 0.5831920819588101 0.0053677246872113876 0.009783272930248789
0 0.6229761290185364 0.543093632427346 0.013699327907788144 0.02926587463331428
2 0.6008977808083915 0.577586920155513 0.027702380546225588 0.02255800111636834
2 0.7018356107290399 0.6150105943161821 0.028822445305263608 0.04178877034713757
0 0.11500527873037376 0.6511599408083271 0.055241044456681335 0.08349359653684292