2 0.06269820790334366 0.5800980891739922 0.049990010258399664 0.05554476918733105
2 0.2969996734039214 0.5820022958757749 0.06259791375517446 0.06345634812326832
2 0.6487217295797664 0.5962068711117785 0.06892624475931414 0.11167327929507127
1 0.18249806711062203 0.5779053767376962 0.021143856412245816 0.05386467204877381
1 0.26682890673775206 0.570601247263058 0.03497826060777871 0.047493182156513894
1 0.615288486924187 0.5515019965824148 0.024774203264850206 0.03972161131545649
1 0.837276385291762 0.5577120129893657 0.05337497762481892 0.06770400805144142
1 0.8252567577903653 0.441183624304822 0.026196928206122842 0.027842388641105324
1 0.9498888869271712 0.4530639685544035 0.01918161398709919 0.02982621051031213
0 0.9275918659495066 0.41847636124294874 0.03316308718147645 0.054564712523172625
0 0.6923096759685212 0.5458198144693391 0.03394798415153515 0.06418009713855724
0 0.19944767993063747 0.5900764698722517 0.09468156923673746 0.16341412137975825