0 0.9782107183119837 0.619901145185862 0.043578563376032574 0.0886477729624528
0 0.7858183637483306 0.5952242605779378 0.0240147529975713 0.04263140279801657
0 0.7447192584497361 0.6360159123278172 0.061448817713171275 0.11028238834706819
1 0.7295961410522603 0.6251740270136744 0.024574785377090517 0.05224678741340118
2 0.6314003232522125 0.6186980319124415 0.026278591056537855 0.040423780886685225
2 0.5268093070190146 0.668295395319729 0.055241044456681335 0.0858514783235773
2 0.46719244880972544 0.577758517699386 0.030526250984711085 0.031200844756329962
0 0.6079574569046051 0.5686832456661239 0.02147089874884555 0.04003133240165587
0 0.6014115176813608 0.5184968127991267 0.011015465564182246 0.024823358508520244
0 0.5266822747698103 0.5209739950863123 0.016103174061634026 0.030023499301241905
0 0.49278285366230945 0.5817077785375974 0.005647740876970859 0.014815525408106276
0 0.44472963912627644 0.5445706545299914 0.016243182156513897 0.03242734545508806
2 0.358645643108559 0.62164060208583 0.02896245340014348 0.045427697436892074
2 0.42254572405735663 0.6405772333189101 0.04704944933098459 0.06843588251911033
2 0.31331073215223637 0.6519092825071737 0.05976872057461417 0.08143623450091433
1 0.4760614974441614 0.5226908580252742 0.01526312549235561 0.015600422378164981