2 0.5731343688165693 0.45763656915375567 0.14525599982624698 0.192105532377011
0 0.2905294617990911 0.2954703570259557 0.09435520631083841 0.1813640346587089
1 0.7597931986720603 0.36086856649934046 0.08562728734651269 0.11372015575513422
1 0.6833827370467224 0.26380724052318816 0.05185714163867662 0.06826571211266877
1 0.41677768038256396 0.26205985417761624 0.06301261529773888 0.09538039299674098
0 0.5683599961697514 0.27024588579406134 0.056921141595238575 0.11410688233368688
1 0.987129987966276 0.18729504023711913 0.013979344097547343 0.03449431264355186
1 0.8426073482753023 0.1615003957116807 0.022894688238533415 0.023147455066085544
0 0.7986962268086674 0.14877528508438517 0.0266986153411772 0.04735400990248823
0 0.8846046519201699 0.16564395150257358 0.03192633193350885 0.05490173495990895
1 0.8604024737459385 0.12533338676368266 0.022894688238533415 0.023147455066085544
0 0.9311996357304104 0.17372946312011792 0.03433017808735501 0.05506982825785013
0 0.9108832429767078 0.12886334602044644 0.024434777282210645 0.04958976275839323
0 0.9551443846805419 0.13557884126312658 0.0268386234360568 0.04975785605633442