0 0.24517639189075907 0.6015037379451533 0.020125971475213743 0.03991875901739114
0 0.2893128498342954 0.6354846070791004 0.05283067512243599 0.10478674242065175
1 0.30231020311933815 0.624867383331567 0.017945925882478682 0.04935199106329417
2 0.4005881447256415 0.6053798972135918 0.02252981762905976 0.040100911586872595
0 0.42216580503092993 0.5495629093419783 0.017722125321367452 0.03973660644790956
0 0.4258544945330666 0.5011216811260921 0.012634682312286243 0.02735307053971562
0 0.5015756483792205 0.4953838751874225 0.012690632452564188 0.029756916693561772
0 0.5353423997526714 0.5494152001148058 0.007547239303205171 0.014969534631521678
0 0.5836700935217953 0.5048156878250489 0.015094478606410342 0.029939069263043357
2 0.5617007822345624 0.5438057526197393 0.027057759235363167 0.028445985956605132
2 0.5025288106420411 0.6397967969876733 0.04997922784636758 0.08537382062040066
1 0.6075427145175218 0.599330160853561 0.042264138122329126 0.06319274752734053
2 0.6707970364722228 0.57527234853153 0.029909206511431783 0.04785890775685581
1 0.714709693854648 0.5996378330500923 0.052271173719658254 0.08074828088219008
0 0.0487603840288467 0.6464883255657194 0.054675019873504344 0.08093043345167153
1 0.5520284425398508 0.4903567481513863 0.012410881751175286 0.017737685924331004