1 0.4451093015472557 0.8306784778803528 0.21757222698153222 0.3291887507956632
1 0.8049786648667941 0.355720537323152 0.095951686223165 0.1356223507809785
1 0.4551685094995086 0.3261644840376254 0.05172443564895756 0.08706991590363604
1 0.5679635921495266 0.08706486351175184 0.018675949354275464 0.026638106668950928
1 0.48021497085917697 0.1397265507026604 0.021079795508121616 0.02666607795132858
1 0.36340156244206195 0.16150186456447785 0.02365173495990902 0.029097895387552287
1 0.35664376389167657 0.12074836507860368 0.018339762758393236 0.021830414361258654
0 0.32133425474975424 0.161991362006086 0.02499648134343793 0.04832866461832152
0 0.3980134284008846 0.11306131481664589 0.022760728487533025 0.05070453948979008
0 0.4011654577205008 0.1538567712260865 0.02225644859370955 0.04349300102825166
0 0.436609553494064 0.14503772609314963 0.02225644859370955 0.04349300102825166
0 0.430969631371631 0.10547216404300973 0.022592635189591776 0.04830069333594393
0 0.5061612353326264 0.09498966967391928 0.020020695737804645 0.04586887589972019
0 0.553314765203753 0.4511216850487449 0.11676230846800478 0.22713633232139793