2 0.38295128558629143 0.4489831968057646 0.14045989260604286 0.19950706418487593
1 0.18700803134149185 0.3129378427834605 0.07644935814110099 0.1118776610884009
1 0.2730910239745097 0.21645440559624912 0.04448605019932288 0.0704668056940094
1 0.564648736886326 0.2510407929608781 0.0641364123370204 0.09484094155801365
0 0.7086216670807608 0.3026307536261931 0.08736548076796342 0.1865647290204029
0 0.396064811436899 0.23594909715553014 0.047771041457718426 0.12098953421547151
0 0.004465934689972261 0.0492159072178069 0.008008764984702245 0.045798954795155424
0 0.016059489260097322 0.09349824425584302 0.02981121753208895 0.05579197302677551
0 0.04288551386081789 0.04614071241287546 0.027281493506164302 0.04853847527454422
0 0.06407347340098114 0.08905328921121716 0.02736541208754998 0.05334616758223653
1 0.10856560689248142 0.08947896541032288 0.024500013736082647 0.026861900599236013
1 0.09214338036931763 0.04407862387674935 0.02201224900085085 0.02201224900085085
0 0.15409182629813342 0.08026827734869756 0.02483568806162529 0.04609266983000525