2 0.28050588930074327 0.45665327072306555 0.07214591902706899 0.07255206598405742
2 0.4820931895940918 0.4580409204456366 0.039972533295316026 0.04483641836786189
2 0.6718405851001055 0.5235222901447883 0.06493438056553039 0.07225821830931413
2 0.6850503012792276 0.45457190324805796 0.04204060281943356 0.0353189829773917
0 0.3479242306387415 0.48511171781300383 0.09414684545309708 0.1526625828602962
0 0.9559179815799226 0.3967265900576397 0.040308309925044375 0.054451802983246506
0 0.9350770061521014 0.4779900553983442 0.06071429735986282 0.08888924293640835
0 0.7976266169286786 0.42718072582799765 0.022977721903528776 0.03934308148576845
1 0.8598900516622247 0.3970387898234484 0.02976953957790694 0.0276176983912811
1 0.6467528215937429 0.5545498593170097 0.08061661985008875 0.10890360596649301
1 0.3849472807569028 0.45599824867005634 0.04039225408247646 0.05685564913709266
1 0.3229929177802114 0.442919928517832 0.03815629624349448 0.061565392219870535