1 0.03974484918965224 0.6684490287102562 0.07948969837930447 0.12535959588205095
1 0.513049115825318 0.5766768060615374 0.014618875899720125 0.018088778800854646
1 0.705369109643571 0.7992407044884602 0.08080940104293624 0.13434405263546978
1 0.9426785680972777 0.8777536316256392 0.07175344207510374 0.18157973856310533
0 0.5487571671032903 0.6098795222944434 0.012438800004894928 0.03710923874430186
0 0.4542387989032201 0.5643126900606117 0.014898588723496321 0.04212724033931618
0 0.35105522762328994 0.5396443907057685 0.01727446359496472 0.03993370347279205
0 0.3359048973583952 0.600882534981837 0.02714158975174791 0.06240955600669496
0 0.013596239962309426 0.5904144727035612 0.027192479924618852 0.07025202233019935
0 0.4845937178671367 0.6439697877188737 0.007407337438181663 0.01745785093888886
2 0.2832292245262978 0.6816974237659539 0.05143179283160789 0.08614726426452972
2 0.6039591885986767 0.9008985536868941 0.21195971490475374 0.1982028926262118
2 0.7170115701660181 0.7292736347429473 0.038909078979580104 0.0418264870586894
2 0.5350884727390947 0.6471843596757112 0.034073415389510316 0.03900202233019948