2 0.1683905087611048 0.6463751747840979 0.04838459676884858 0.05456349853325712
2 0.39182932714237134 0.6337492891175895 0.06045976820933856 0.06459860393580204
2 0.7318476914012689 0.6239927720096143 0.06551919353769729 0.10803572301989697
1 0.28369820572273885 0.6371833404946842 0.021928303908726167 0.051236266647657874
1 0.36053037905501956 0.6242445535325108 0.03393354951014215 0.04925214128097229
1 0.6907585441008475 0.5841041828717304 0.024262224223498115 0.03930098003585933
1 0.9034220102932508 0.5783120869583162 0.050858368761768594 0.06666667345991997
1 0.8667279928499853 0.4676779245968349 0.024192298384424323 0.02728174926662856
1 0.9892114639984713 0.4719590766258713 0.021577072003057543 0.02960165126304263
0 0.9578923395145468 0.43961780257925415 0.03155767369192557 0.053975889431232514
0 0.7628040028771582 0.5746032768254622 0.03401746051703087 0.06367521820404921
0 0.3017759999639367 0.6462263832138864 0.09225518975411563 0.1594398779824193