0 0.5307075070248827 0.8634730474577297 0.13790164476229805 0.19178115202903656
0 0.9368607834662056 0.46537328980626297 0.035566933335322605 0.053975889431232514
1 0.8781615867429919 0.8180785588292226 0.11072359534360196 0.15248017199317696
1 0.5402007969954236 0.7008089784917961 0.055386375293636 0.061858981152227537
1 0.46987600818450603 0.705544164309088 0.051167355713487586 0.06890263129890209
1 0.9826573435967065 0.42026111711233677 0.03468531280658683 0.03482906435789537
2 0.43600116180022724 0.77507254724992 0.09659505315037979 0.09685593382498708
2 0.6416776720511665 0.6372368011898316 0.05720154871993799 0.054731386848121295
2 0.8686447109810307 0.7014920203676842 0.09718372587792382 0.10406747228652555
2 0.8396518848681981 0.551865949727198 0.04979378601588499 0.052075708221978885
2 0.998699171337488 0.5329213769192198 0.002601657325023974 0.06135531620763515