1 0.051918552137393686 0.6304580613134312 0.0394686409865385 0.04394057942031592
0 0.10345835427724398 0.470365432691674 0.029965156651709454 0.04858043456523694
1 0.18871096752836578 0.46824921828050026 0.02213816664711538 0.022012249000850987
0 0.24095316123883587 0.49318980456885764 0.01772212532136752 0.03875525349638828
2 0.10323756853328045 0.6157351860633271 0.039244840425427356 0.034325194804931305
0 0.1385409388862719 0.6355743650091423 0.04517153553867527 0.08248603646324017
0 0.19603641614855818 0.5765062137849628 0.022641717909615375 0.043646864385466236
2 0.35818413125261794 0.5745307735990366 0.029797306230876168 0.041368896103698614
2 0.4034695769499472 0.7651479276946609 0.0593708119006411 0.07312240759201234
1 0.4526954877806632 0.9185893849870553 0.055682122398504404 0.12111541208754992
2 0.5550207701056629 0.6176139173289639 0.02985325637115384 0.043772742257544635
1 0.6669125214791138 0.6760344293162187 0.034940699380235044 0.055875891608161185
1 0.7241572280491991 0.6578106830620774 0.030021106791987398 0.05098428071908337
2 0.7804258219815712 0.752504767102666 0.06177465805448726 0.07316436688270536
0 0.741743497776069 0.8972031718232338 0.07088850128547036 0.15502101398555312