2 0.7501677864160647 0.7614385703618134 0.07256563981422942 0.0825419364197198
2 0.34953438588639363 0.8024684144102074 0.06767400334910502 0.0800821477011184
2 0.5157126717974432 0.6577078749448918 0.03516484098762372 0.04366082872251717
2 0.30750144214458075 0.6288320656857322 0.0401404216101802 0.04852446359496472
2 0.03940008950033421 0.6966547005214683 0.05199176406454678 0.04385662769916037
1 0.0036629575659277605 0.7081844338490908 0.007325915131855521 0.04589684718209788
1 0.39531428230096605 0.9349859528472714 0.07200856512388917 0.13002809430545717
1 0.6332340336577663 0.701159761114891 0.0405601423973405 0.06054369436419576
1 0.6916398666882467 0.6813983795842613 0.040308309925044375 0.0533321559026573
1 0.13384073950444353 0.5402377148925166 0.03208944157432087 0.024402088209370457
0 0.7069634030596136 0.8968083375360792 0.094902342869986 0.17170801437104843
0 0.0410828021877864 0.5451704359055941 0.0308608136245239 0.05802796308083886
0 0.18932379423064313 0.5697411938745441 0.0262210096316958 0.06277971282377606
0 0.06944816642341113 0.6970043415511883 0.049030843220360366 0.09668530051902079
0 0.1347030564128278 0.6532744266880409 0.018505806225564816 0.04827272205356628