1 0.045376720161950664 0.5116361792436053 0.03447018618223466 0.05692620464105666
1 0.20225787816414004 0.4072220662417946 0.027842388641105324 0.025424244163734337
1 0.35103554575281043 0.8631662891827444 0.08137962741833932 0.12169384893695732
1 0.6075600195856256 0.7208371055548022 0.04676943314122484 0.06236379814205479
1 0.6687880924612626 0.7228476785637385 0.046209400761705904 0.052748413526670174
0 0.6352257157452855 0.9232071191240308 0.1102020727236032 0.15358576175193844
0 0.11359446508636147 0.5307886259261175 0.06499643716694568 0.08728412135114419
0 0.12174088628073892 0.38263202605828417 0.0370140404309606 0.059456031033563846
0 0.18303784162858544 0.5092646583512371 0.03659401614632129 0.05224449257202552
0 0.24543339634504083 0.4490271918374959 0.02896245340014348 0.04465501339450357
2 0.08864595093118142 0.513903823539506 0.045789376477066594 0.04553687506513171
2 0.33877410475561615 0.5497793167024743 0.038577838015528096 0.04515893434914822
2 0.33563353374080557 0.7221633484667609 0.07687565984129673 0.08551017639060386
2 0.7066303271910568 0.8170964887087411 0.08168335214898903 0.08576213686792646
2 0.5191551573071772 0.643110489509354 0.0357539675770426 0.03782141564894859