0 0.7981237181506954 0.852263903578174 0.09580600524394875 0.12324877723877246
1 0.49299701048282774 0.9482399356753445 0.06814687812154901 0.05199714973355677
1 0.12368038835744108 0.6064003887714201 0.029265746753082134 0.02571855867701864
1 0.6782853346604625 0.6727562192567659 0.04436017232724428 0.06502014570783579
1 0.7366340946506865 0.6380760209322116 0.04187240759201261 0.06007244530526361
0 0.10527663835617365 0.7927566154714919 0.0666241770722522 0.10233791086944613
0 0.03867952422144526 0.6306014453704212 0.029727298950703293 0.052160866369326334
0 0.1581253777422736 0.7186929717982355 0.032131145104549466 0.052300874464206205
0 0.18641116445625164 0.6159813321507001 0.024751769480239647 0.042265465564182245
2 0.8161857105342427 0.7152565270793884 0.07843361138801878 0.09101872057461417
2 0.547911191928417 0.6478647333033501 0.04170457042924119 0.05045706068987899
2 0.41424870441461265 0.8481528870191893 0.07607172452486552 0.09328255863358045
2 0.32800122814218674 0.6630793201386952 0.04174652971993408 0.052860906843725144
2 0.07624166770190206 0.7836194049177414 0.031921348651085285 0.04028164369497544