0 0.0885077707777249 0.6466593913725334 0.04992327770608981 0.08325140792721633
0 0.2911851696555027 0.6108476736492745 0.020125971475213743 0.04003133240165587
0 0.3305978605017633 0.6485734703844244 0.04802298281474375 0.10468979906931718
1 0.3459990599406523 0.6376826281926944 0.01554207972863253 0.04925426853201113
2 0.4456187999745732 0.6235297067437203 0.02252981762905976 0.04022755664417041
2 0.549013164599146 0.6680747918214622 0.0450596352581198 0.0804551132883411
2 0.6106169574156523 0.5727306186255927 0.02459796294123934 0.0260007039636083
0 0.46971220671426334 0.5721905060434701 0.0153182791675213 0.03963888391662652
0 0.47818061345395346 0.5221267629195653 0.007771039864316265 0.02462713426600543
0 0.552783769433601 0.5196495806323796 0.010286786298718034 0.02963105081621255
0 0.5842585749337612 0.5784948545240233 0.005143393149359017 0.014815525408106276
0 0.6339000920603637 0.5383164531235228 0.010286786298718034 0.02963105081621255
2 0.7186791389972229 0.6108736398336898 0.02498961392318386 0.04282762704053138
2 0.6541949188954599 0.6342005405354321 0.037512395954914485 0.06544336363772
2 0.7638776446669878 0.6384934913471685 0.04975542728525649 0.07603986946567787
1 0.6033484638747868 0.5191346407703409 0.012354931610897478 0.015404198135650167