2 0.961080070504411 0.7951866445388733 0.07783985899117787 0.19256174777178742
1 0.4793398334033909 0.622947468279118 0.03815781373088875 0.037106863998984954
1 0.9419627968895554 0.6901518339535475 0.04662942504634525 0.05895131372185876
1 0.526344108803056 0.5204471446703504 0.018086995930841107 0.02212422884055206
1 0.6387292828429711 0.5689473495144549 0.020490842084687263 0.02219417361997149
1 0.7172161573506155 0.5522160948705342 0.020490842084687263 0.02219417361997149
0 0.6552880440005796 0.5431823790534239 0.023874744902691702 0.039091041476313995
0 0.4939503355031278 0.5430609869668388 0.031646315743749105 0.0489162604299573
0 0.6043279791329458 0.6397780044467056 0.05043335214898903 0.08305972003973985
0 0.849146558047164 0.6675693509561043 0.05241717401819584 0.07591812635762096
1 0.71418115319458 0.6654766432189814 0.044645603177138435 0.06609290740397765
2 0.4776004649126084 0.6964396379199744 0.0921150767927621 0.1394672980489136