1 0.9168222844874813 0.3918269230769231 0.027955147373777852 0.021634615384615384
1 0.7371122329175288 0.8641826923076923 0.07364469764678488 0.125
1 0.4549888197279628 0.6454326923076923 0.04523581036185412 0.0625
1 0.38812663065645847 0.6346153846153846 0.046967283323935544 0.052884615384615384
0 0.41902285077776624 0.8701923076923077 0.1010450251440691 0.17307692307692307
0 0.9899635421901027 0.5480769230769231 0.020072915619794483 0.0889423076923077
0 0.9948849494588032 0.38341346153846156 0.010230101082393563 0.0625
0 0.9357921171299337 0.5084134615384616 0.032712299698799865 0.055288461538461536
0 0.8663750219230123 0.4266826923076923 0.024828388045496953 0.04567307692307692
2 0.7596977513650354 0.5168269230769231 0.03684761881472772 0.04567307692307692
2 0.7576883084982671 0.7115384615384616 0.07559480388947784 0.08413461538461539
2 0.34308362361744094 0.7295673076923077 0.08023440289922917 0.08173076923076923
2 0.5561354848038126 0.5793269230769231 0.036175245622963134 0.036057692307692304