0 0.8347116184791091 0.8314290955596385 0.23904304004373025 0.3371418088807229
1 0.5185258662964577 0.6199330486016813 0.031113798142054786 0.044108568122265
1 0.46323740475799613 0.6183243186750327 0.028457991510886307 0.03923093103515312
1 0.4660396348663941 0.5343995376286759 0.010119305570029269 0.009895163733062599
1 0.2439153828743788 0.6239436021273783 0.02820603103356391 0.034423238727460816
0 0.2439783729937094 0.6251455252043013 0.04198898514405083 0.06842680877840425
0 0.19027488605779652 0.6079817400570723 0.021120472810686543 0.036617250543048416
2 0.32868501026194213 0.6156093341044632 0.023272358487210508 0.03187950301477553
2 0.382388497197855 0.6327731192516926 0.031239778380715812 0.04651241427611115
0 0.3519097110587482 0.5778822158268296 0.015934839787010747 0.02926582252267096
2 0.46735731656269414 0.5824414883158892 0.020112630901397373 0.017386481312279045
0 0.49342679434866044 0.5531977763561365 0.008471340848150096 0.024248295876719957
0 0.42397232717408634 0.5331755039888345 0.010875187001996248 0.024318240656139523
0 0.35660164474706346 0.5300151270881651 0.013405013394503566 0.02679203158940524
0 0.04603900601738517 0.6265866193637304 0.015294716974420846 0.06284972389709755