2 0.6341458091089146 0.7750189846559734 0.08606656814774147 0.09171246488756643
2 0.2354910034929857 0.7206119877199484 0.0810767232705675 0.08914073041885609
2 0.4423874133262202 0.6162888534223161 0.04450843600501605 0.04950397375326842
2 0.24933459877358544 0.5379196800276407 0.0496804334516716 0.05447955437582504
1 0.23510592816217651 0.8680707774730425 0.09746761570735604 0.14725275889832437
1 0.5401971445724169 0.6859965623450439 0.050591196299079454 0.06649878514505594
1 0.6041722965035624 0.6801662729423245 0.0500447385906347 0.05928724668351748
1 0.11040560484135134 0.4097107562499685 0.03583967698762504 0.03002137205020306
0 0.5472774857737991 0.8931317851571315 0.1259136016639611 0.17461845232238515
0 0.019946865300357608 0.3913079909264884 0.039893730600715216 0.0637591623614813
0 0.1576076278214522 0.4512171597131254 0.038571965529848685 0.06607906435789537
0 0.015911902004685397 0.5490537185544238 0.03182380400937079 0.10297619823990854
0 0.07678620202981425 0.5211690929799284 0.027863665497574627 0.0513202108050901