2 0.3334555049463371 0.5477534112646115 0.059790911628109726 0.06311967957402163
2 0.5285714969891939 0.5351842622539574 0.03491300851532746 0.03782141564894859
2 0.7247520582057939 0.5874559692778187 0.05257937316657127 0.06274173885803815
2 0.7211996987207724 0.5200852868507959 0.0369810780394454 0.028332011272225142
0 0.40379662458861626 0.5694356843396313 0.07209250928132113 0.1405466774517432
0 0.9718254503627025 0.4480396635680094 0.03292888314864174 0.049714666179518065
0 0.968585992173346 0.5270516360482795 0.048359289960903704 0.07931670145763889
0 0.8243819278154507 0.48590196569409466 0.015682239284558364 0.03681357373965929
1 0.8784531990711468 0.453943741952532 0.024793958955350186 0.02289441777122688
1 0.707898430255997 0.6201649636417061 0.06336997598600537 0.09689950596652881
1 0.4327953995437921 0.5409623603998188 0.030608981152227672 0.05199253209470319
1 0.371287462227135 0.5317402489293439 0.02837302331324569 0.05667424416373434