0 0.6697150960588705 0.6028807467581518 0.022145210342474596 0.03879721278708104
0 0.6260263466165216 0.6408536700845453 0.05794902457951368 0.09943883741224177
1 0.6125140325408526 0.6290861950594716 0.020469974466554512 0.0483706381117729
2 0.5194015665340379 0.6223091458580303 0.024366903926838893 0.03643532592392791
0 0.5003902320316127 0.572226989888843 0.01715536546530043 0.03630944805184937
0 0.4980236680366287 0.5242549650386521 0.014022909033528208 0.02665210414577187
0 0.4223025141904749 0.5255766826954762 0.01143691031020047 0.024206298701232826
2 0.42006005041426425 0.6660548251780514 0.05131980657700579 0.07531645729239446
0 0.389175774961504 0.5825705787991748 0.005718455155100235 0.012103149350616413
0 0.34521521607320926 0.5449272465061465 0.011619062879682054 0.02661014485507898
2 0.2588574876959526 0.6232559596674333 0.02972105394297609 0.04373078296685188
1 0.32119326650176394 0.6401728846179194 0.042833200129096236 0.05836365634339312
1 0.21959419404703995 0.6503486363654798 0.05317719502240719 0.06814687812154901
0 0.8564133408714963 0.6260292501310722 0.059259955316470325 0.0850577197798576
2 0.36300669612341874 0.5794263617660267 0.02862813852608658 0.029307706043774955
1 0.3742255911135518 0.5264158685093329 0.013294298755601867 0.017036719530387254