1 0.020432692307692308 0.6906173714920188 0.040865384615384616 0.04950397375326842
0 0.09375 0.5201007452167745 0.03365384615384615 0.054059833588664605
1 0.18629807692307693 0.5269383645086789 0.02403846153846154 0.02728174926662856
0 0.24278846153846154 0.5577572060544868 0.021634615384615384 0.04402472818611942
2 0.07932692307692307 0.679452849502951 0.04567307692307692 0.04005647745274825
0 0.11538461538461539 0.703548550325971 0.055288461538461536 0.09327686946709199
0 0.18389423076923078 0.6458448049666315 0.026442307692307692 0.051404154962522326
2 0.36177884615384615 0.6580662880012214 0.036057692307692304 0.046932239284558364
2 0.39302884615384615 0.871897946663223 0.0673076923076923 0.08648505179271382
1 0.4326923076923077 0.9859966693387834 0.06009615384615385 0.02800666132243334
2 0.5745192307692307 0.7243895767031917 0.036057692307692304 0.049336085438404516
1 0.6899038461538461 0.7993323577983932 0.040865384615384616 0.06392705067634534
1 0.7548076923076923 0.7847719269721366 0.036057692307692304 0.05895147005378913
2 0.8064903846153846 0.8935478802030802 0.07211538461538461 0.08665294010757799
0 0.7524038461538461 0.9799718122230257 0.08173076923076923 0.0400563755539487