1 0.5620679015156229 0.7893574505422405 0.23694286883040144 0.3866110732958043
1 0.8663915885048693 0.247484049782465 0.10275437907286289 0.14824668745226166
1 0.48966507958229993 0.24478425732773001 0.05561246178197621 0.09590488294811789
1 0.5724651085124821 0.0005591714542403007 0.01993021702496433 0.0011183429084806013
1 0.4875353769006694 0.04752194887497373 0.022543897517068902 0.03213154302423004
1 0.3681824065613958 0.08126556396685 0.02501768845033462 0.03463333840299064
1 0.3549391421523236 0.03968800239911455 0.01993021702496433 0.024822055337777132
0 0.32257927441773837 0.08553044539407068 0.025577246685690724 0.053864107633759865
0 0.3966916983372435 0.027645280082303506 0.02564719146511015 0.05529056016460701
0 0.4063991382949659 0.07128491482975727 0.02536741234743217 0.04665256917222141
0 0.44210710670556075 0.057796445686809785 0.02303351097300558 0.04895846610115311
0 0.4300657653734116 0.021526494355519905 0.023173400531844572 0.04305298871103981
0 0.5066740907891008 0.012747768295350272 0.022963566193586013 0.025495536590700543
0 0.6160032791273975 0.36839461608786234 0.12485288425983207 0.2475879735592696