0 0.7886402946995665 0.8140162425653796 0.2508987712265326 0.33405744442386703
1 0.5052415578132406 0.5613125292857349 0.03208918581385671 0.04898620520937659
1 0.4497642794666614 0.552103951520076 0.029559461787932024 0.041704721968418706
1 0.47229220654018095 0.46486604218741934 0.009783221778155902 0.009895163733062599
1 0.21482282904230815 0.5264716444365549 0.02707169705270016 0.03682708488130697
0 0.21362090596538508 0.5265066168262648 0.04212416333616954 0.07330444586551639
0 0.1614766614600716 0.5015681218914765 0.022305964035700673 0.039091041476313995
2 0.3074758041921172 0.5297883858135193 0.02222204545431503 0.034283349168621684
2 0.36082197177435366 0.5546919083585978 0.032131145104549466 0.05139005136322275
0 0.34050026098557085 0.49275146659395386 0.014968547702083676 0.03166966867651711
2 0.46111216158480683 0.51329268916144 0.021928330419465205 0.01745642609169861
0 0.4967292813402245 0.4870031328547627 0.010076936813005725 0.026722086809985675
0 0.42765321553125585 0.4565446359912956 0.010076936813005725 0.026722086809985675
0 0.3565089778939837 0.44538685313801724 0.014926588411390922 0.02926582252267096