0 0.6737851875883138 0.7263795318406316 0.02770131372185876 0.045118257046583156
0 0.621438019876136 0.7456020643964357 0.06042015408966851 0.09778423915058727
1 0.6192440080605485 0.7382224326369562 0.0374565878960825 0.05059832254604019
2 0.5238245820906072 0.7062583161039263 0.03010515987570491 0.045286350344524134
2 0.4378935130040028 0.7207236963347086 0.05512284832603967 0.08062112947778169
2 0.36617207341155245 0.6193589579446873 0.027211700265922352 0.02829133396966008
0 0.5062025427864867 0.6496251081819359 0.022823676634747023 0.042378224296854776
0 0.5077063555440061 0.5979424158742435 0.017736205209376594 0.03242665308558793
0 0.43003599661023284 0.5768543836911567 0.015192469496691584 0.027450867479954375
1 0.37980003410743196 0.5649109628959313 0.014842745599594035 0.015431636710723605
0 0.3445595685898554 0.5756947639219389 0.01773620520937673 0.03242665308558793
0 0.3863599589912765 0.6292012125156484 0.00756126235863601 0.012523510663054247
2 0.26804691160716865 0.6389934870703792 0.03010515987570505 0.045286350344524405
1 0.33939290364893865 0.6704785937009208 0.04494790547529895 0.06071798705524801
1 0.25179240859239305 0.6595354960183772 0.05752669447988582 0.08078922277572295
0 0.8403757436514763 0.7958383703888186 0.06261416590525624 0.09074079398698978