1 0.6286845908913024 0.47641087916322 0.11942183686363514 0.19634421851831535
1 0.663612910225814 0.21546541764647756 0.04903190494334726 0.07477553841810021
1 0.589633778711495 0.07953068882494978 0.017834571483004262 0.022614672048773772
1 0.5853035773370148 0.043823016754456885 0.015094842527131046 0.015263125492355525
1 0.7085418495900467 0.04863183063737962 0.02023841763685014 0.022754680143653526
0 0.7409970865943174 0.01049972706929695 0.021581948844958385 0.0209994541385939
0 0.6608304565123266 0.021824283711736194 0.021581948844958385 0.04364856742347239
0 0.661274986321015 0.05977545002599663 0.021022144174913555 0.039581603220576606
0 0.6268407275564534 0.02701980221842391 0.01895418082309419 0.046653133587235295
0 0.6248814112112958 0.06908710991073161 0.020910183240904264 0.037177757066730446
0 0.5498583562390245 0.0842446685443121 0.01895418082309419 0.04665313358723528
0 0.7378192775354987 0.2950497699475005 0.09951930202881151 0.18080107683620042