1 0.19103441675825883 0.6491807127838022 0.029778119815057052 0.042405473659062116
0 0.1858342759655372 0.6542684212812541 0.05033330349975891 0.08905860724629733
0 0.3171380293478417 0.5844179963000662 0.01996651095715776 0.03944159512569675
0 0.329868424221626 0.5310433525833717 0.011577627040531379 0.024598493917980618
0 0.40698772538721756 0.5241592473933729 0.011577627040531379 0.024598493917980618
0 0.4844505181602513 0.542375518723879 0.014373921679406884 0.029546194320552662
2 0.5326257517245145 0.5969876483288318 0.02281196083970344 0.015683149776994816
0 0.4333321193243508 0.5824352960060898 0.005985037762780365 0.014703093112836395
2 0.45266100067637743 0.5801133081701285 0.025608255478578947 0.02063085017956686
1 0.5335824936813357 0.6292295592634353 0.043170920281890554 0.05993243721038401
1 0.4557518300451078 0.6301740531162584 0.03777455524665422 0.05244088255908608
1 0.45857230557365253 0.522350996430381 0.010596505827957996 0.01257926314874985
2 0.35422619647786036 0.6576190044383843 0.04356336876691991 0.06474012951807631
2 0.28787504776090633 0.6351669274501499 0.027178049418696223 0.03986161941033609
0 0.1425158899526363 0.6280824212378158 0.02237035711100395 0.03958160322057662
0 0.00003785826316708101 0.6665191295832336 0.00007571652633416202 0.07463553032322068