2 0.4725010107825257 0.3550227275027805 0.12607685792173923 0.1938370053390927
0 0.7785167010473567 0.2086748786642569 0.0876013342923861 0.1887436664181884
1 0.6441950049560828 0.167607334118191 0.05820975890145519 0.09297654684289483
1 0.36917838302573497 0.148392478270912 0.041242984146384117 0.0677614322188454
0 0.4856390549769402 0.16187456870538255 0.04394051882434105 0.1184102947475557
1 0.2893689716592014 0.23687224941066162 0.07032688584538946 0.11064393640952354
0 0.26176050516465704 0.026148984370570585 0.01952445775488001 0.051825515614298275
0 0.18241959691991916 0.03409990935647406 0.024332150062572253 0.05216170221018054
0 0.1391363809828736 0.03952943487326056 0.026749981384233193 0.05473364166196782
1 0.2220620807066585 0.034932139171214634 0.019342650573287656 0.020575515614298275
1 0.21144056536375797 0.002555466101857122 0.019258739566398803 0.005110932203714244
1 0.0777753708046301 0.0546331216630671 0.026624114873900047 0.033099026277352436
0 0.12485315573794464 0.01649953312244581 0.021704541223689384 0.013532070450700946
0 0.16572553293723666 0.012440023980523515 0.016910834083811863 0.015599730008664837