0 0.6520823176904338 0.6530218126044866 0.12151632541407437 0.16597929477403858
0 0.019317485188482083 0.5418704772622862 0.038634970376964166 0.06104730623087617
0 0.16007835638986506 0.5373115457686963 0.030170568300086405 0.0462885284661324
1 0.04528281046495947 0.6503502750178417 0.06755267506171128 0.09274490735309836
1 0.0040238863510895714 0.6912446396424143 0.008047772702179143 0.05126407119465826
1 0.35638505987768754 0.7630732389830659 0.09693834639173897 0.12941805120384614
1 0.5760664307483421 0.5408253502766555 0.047389939862038835 0.05148787175576922
1 0.6343228335463587 0.5178759065955123 0.045574766435736845 0.058643460077030016
1 0.10346528203138804 0.5254331952892093 0.033604690910176045 0.029573505669764934
2 0.6903718127991267 0.5513608973894759 0.08359470116857565 0.08352117371965811
2 0.4682858023102945 0.5385354142814632 0.049401337530855634 0.04673612958835472
2 0.31426839857562683 0.6764798322433758 0.083987149653605 0.0883288660273503
2 0.2735007293493337 0.5586644005738245 0.04439742098064865 0.04422038315395309
2 0.12465869041946975 0.6185117936058759 0.037970779489168896 0.053667917348504145
2 0.02789179228232744 0.6723485663142628 0.03939350443044169 0.04170463671955132