1 0.01672733034252268 0.47716346153846156 0.026042139802758865 0.026442307692307692
0 0.07389111170167849 0.5 0.02491336163528375 0.04326923076923077
0 0.023426854437925488 0.5949519230769231 0.03026751165142078 0.05048076923076923
2 0.19907184486288346 0.5769230769230769 0.03951859112784229 0.04567307692307692
2 0.2436850303031034 0.78125 0.07368303223954745 0.08413461538461539
1 0.29073934405603175 0.9375 0.07437577976688804 0.125
2 0.4144340909521814 0.6057692307692307 0.039700743697323744 0.04807692307692308
1 0.5343158876314045 0.6574519230769231 0.045601351421905564 0.0625
1 0.5974354902492972 0.6334134615384616 0.04042935397525008 0.057692307692307696
2 0.6561640804160626 0.7307692307692307 0.07849072454723956 0.08413461538461539
0 0.6090130127452871 0.8930288461538461 0.09947129397165341 0.17067307692307693