0 0.24972426599191783 0.668928954362539 0.022823676634747023 0.042504757740718886
0 0.28711090910858084 0.7173343198278395 0.06083982276618563 0.1125447385906347
1 0.30245612999090277 0.7089029269140852 0.020769554377998416 0.05434183594046807
2 0.4024255797137767 0.7236737970091089 0.02515757800917375 0.04028306415635431
0 0.43340866242289 0.6756520874663411 0.02034988570148144 0.03991875901739114
0 0.44519594829094394 0.6273750804446435 0.01278862334284543 0.02735307053971562
0 0.5249075676546743 0.6466072690836893 0.01278862334284543 0.02735307053971562
2 0.4966873037326316 0.7895809017033805 0.052858891731032503 0.08555597318988252
0 0.5471937966169836 0.7118574890012058 0.005157416204789856 0.01238353590819394
0 0.6015729760229915 0.684796998099282 0.012858568122264859 0.029756916693561772
2 0.6751443391793945 0.7815166527451424 0.030175104655124477 0.047858907756855945
1 0.6056776074458242 0.7846476897686382 0.042614004100872356 0.0631927475273408
1 0.7110143077117466 0.8190136342333945 0.05738680492104683 0.0763048937134608
0 0.047731244289421396 0.6512242923722404 0.06035020931024905 0.09571781551371163
2 0.5760749228528472 0.7152452429119079 0.0297554359786075 0.033435830833779025
1 0.5744312205364888 0.6587548582965231 0.014982635158433028 0.020323684647658744