2 0.4228595429650801 0.44948186067808044 0.14835988645449197 0.20349212973847897
0 0.39495676139651903 0.2501005338614863 0.057901198259396866 0.1306388008348243
1 0.22416738491945243 0.304152946900644 0.07304802419776277 0.10287096521566305
0 0.07913212993073973 0.3888857602152367 0.10975833989807372 0.19862355620864955
1 0.6057370326835869 0.2701213567169249 0.08095960313369997 0.11535233236789069
1 0.5187311297787058 0.20145585346565442 0.04732946552074406 0.07248435675951964
0 0.7254133603524644 0.007172325964732022 0.02994251006430204 0.014344651929464044
0 0.7566170648459146 0.027166172949142916 0.03234635621814792 0.05433234589828583
0 0.709532052703595 0.02996965192946404 0.02980250196942217 0.0593868077632962
0 0.6227135749753739 0.04032298083311874 0.0268386234360568 0.04961737768691264
1 0.6660528097920445 0.03634823945821447 0.023174704428292888 0.02782871684129829
1 0.6755744818190993 0.0032271039980682524 0.02035083398980739 0.006454207996136505
1 0.8203889919702777 0.018075868415819776 0.025858566771898513 0.032790454609989556