2 0.940335388066004 0.6847302675490462 0.11932922386799195 0.17833908697534648
1 0.44876615238245826 0.5812004336089479 0.03252333992388783 0.032705492142117126
1 0.8814319276968163 0.5899495998004842 0.03811462603089556 0.0521601832409044
1 0.4843647210869702 0.47959346281318394 0.012802824568546329 0.01979057390081433
1 0.5917011394548322 0.5131287201783259 0.01520667072239262 0.019902534834823352
1 0.6641369041229098 0.48807929630643565 0.015206670722392346 0.019902534834823352
0 0.6062486979807732 0.48595866641495955 0.018296161450639767 0.03684141884575545
0 0.45654703410241804 0.5061773786366767 0.02570359836200722 0.04198499395547482
0 0.5655975639062828 0.5817799436941263 0.03899616905512569 0.07379479862551964
0 0.7943547454213253 0.5807590395786548 0.04120411675914299 0.0690990672518365
1 0.6695996184836114 0.5925906235317387 0.03590667832687854 0.05685591461458769
2 0.4539615514463662 0.6495980880595543 0.07230310277832921 0.12573105999840614