1 0.8724555704053075 0.7604238736171602 0.08912687434017905 0.11052950599514287
1 0.4774425513760281 0.5588078861504241 0.013027790556877451 0.015123117397475738
1 0.27051897882242254 0.7048491494946462 0.07778001676271273 0.11944485013612868
1 0.04421161717393694 0.7097990930476791 0.08842323434787389 0.1655142428029547
0 0.44219181889174125 0.5796843112836458 0.011968690786560479 0.03421387853336523
0 0.5315290898375665 0.5619580682852189 0.016944476392193764 0.036897740876970994
0 0.6253631364865372 0.5662164609086068 0.014372536940406633 0.03435388662824497
0 0.6260525429946718 0.625390707867597 0.025332667939320156 0.05414468823853342
0 0.9093619658776706 0.698612059821114 0.03545233244852825 0.06191625907959082
0 0.4909328784854638 0.6247617930158686 0.00822009824918528 0.014843101207716267
2 0.655277186744413 0.7079496713971998 0.04831202970746445 0.07463553032322068
2 0.32589204697629454 0.8660076031011213 0.21214270146474576 0.2679847937977573
2 0.27368748149196886 0.6422791454472063 0.03841099847886817 0.0357539675770426
2 0.4457640814562102 0.6148901007516145 0.033603306171175865 0.035473951387283126