0 0.8710299743498138 0.8713942307692307 0.11378716908773476 0.14903846153846154
1 0.5621774869218483 0.9579326923076923 0.08280634235101658 0.08413461538461539
1 0.15813085304433294 0.5769230769230769 0.0306951801235063 0.026442307692307692
1 0.7295062911689125 0.6694711538461539 0.05004350266954615 0.0625
1 0.7873331854928611 0.6370192307692307 0.04730346991981804 0.057692307692307696
0 0.1522635009998836 0.7680288461538461 0.07436761082121983 0.10096153846153846
0 0.06838158552861982 0.5997596153846154 0.04473153046803062 0.055288461538461536
0 0.20105510057627646 0.6923076923076923 0.03494805255470491 0.052884615384615384
0 0.2228413359089028 0.5913461538461539 0.027064140901401856 0.04326923076923077
2 0.8747791268536288 0.71875 0.08571446839868621 0.09134615384615384
2 0.5951095398341395 0.6382211538461539 0.046799190025994565 0.05048076923076923
2 0.4731599292219751 0.8365384615384616 0.08331062224483979 0.09134615384615384
2 0.3708542043433474 0.6454326923076923 0.044563437170089384 0.052884615384615384
2 0.11673535857734985 0.7584134615384616 0.04389106397832497 0.04326923076923077