0 0.25156067693951417 0.6445190338330925 0.027953302526085258 0.04496373084021927
0 0.28689340624200205 0.694752593364001 0.07100123523470406 0.11008250367720152
1 0.2938531122312443 0.6880031912854594 0.03782051961376613 0.05279145114575347
2 0.3966461549504465 0.7125789695317611 0.030273204522499323 0.04271393014737212
2 0.48081130474674616 0.7875280536672642 0.06071429735986282 0.09023555260243654
0 0.4335966985782074 0.6717744661385138 0.022977721903528776 0.03984794761052895
0 0.45367834705032917 0.6286897214413505 0.015430406812261967 0.029770426612147596
0 0.5277091800808096 0.6538208003095108 0.015430406812261967 0.029770426612147596
0 0.5444407213332689 0.7208508423062739 0.007715203406130983 0.014885213306073935
0 0.6037813777625339 0.7030673634466323 0.017918197123540206 0.03232831822699248
2 0.662469577676995 0.8039661782803775 0.03533272930248789 0.050233559530908585
2 0.5722108683386478 0.7262281343385311 0.02985348373533889 0.030694699378141347
1 0.6901290756520679 0.8405164475821353 0.06286631104141258 0.08317805960189709
1 0.5903122209828943 0.7981428913734857 0.05034341532758942 0.06798475537382515
1 0.5786516421774552 0.6702769088366428 0.012438951556391204 0.012789458074225516
0 0.055925752746222794 0.6055990437998695 0.06800977997883334 0.09310153513927943