0 0.8874608029484761 0.7787030967474082 0.041596444613791035 0.06753145499272915
0 0.910830634661279 0.8771349225447674 0.17833873067744194 0.2365838551595882
0 0.5973725170164594 0.6938288701789074 0.034049023350225235 0.0602779610277462
0 0.5944055522652206 0.6301269471019844 0.02102214417491342 0.03857341980405675
0 0.49059232391380003 0.6211129247026361 0.02113410510892244 0.0409772659579029
0 0.38921258891340155 0.6385342174116879 0.018506337087058247 0.036155588482395945
2 0.6278454183330916 0.7802134948714063 0.05383959725103957 0.07240907313949553
2 0.34408623909993163 0.8828532534707202 0.17012652796242214 0.19564854470512982
2 0.21261883819723737 0.7189100280747207 0.05383959725103957 0.07240907313949527
2 0.39718152064317463 0.6805665621844585 0.04025291340568265 0.03868530114657504
1 0.8348034233592264 0.8355151402225331 0.08654508939315683 0.10384088032108761
1 0.42907032512270504 0.616661854174221 0.01761064961498622 0.016924819251626717
1 0.23900847934988817 0.769250945627342 0.08732881593121984 0.1206678033980107
1 0.04658882610818683 0.7679659128986795 0.02891207609520113 0.15637586651033322