1 0.8220681665985861 0.6235633852556632 0.03361798340326061 0.03197735182361109
1 0.4274301324368851 0.9790128309847758 0.06891120268244076 0.04197433803044849
1 0.26486568367229146 0.7153460858944981 0.04782304500627013 0.06110325637115411
1 0.20954135938324422 0.6827532825278315 0.04523704628294239 0.058643460077030016
0 0.1352731678681132 0.9001604791611647 0.1026754759045972 0.11997051700929481
2 0.12494994316664831 0.766271441430342 0.08606656814774133 0.0907886623214744
2 0.39731458823746657 0.6835116242387291 0.0443262834355346 0.04662422930779924
2 0.5134787692093336 0.8824743684223295 0.08384487456337676 0.09313655833504288
2 0.6133875132293981 0.6921529060944984 0.04450843600501605 0.0490280754616454
2 0.8660079552950349 0.8063965732377144 0.054123820620400664 0.04925187602275663
0 0.8255248071939062 0.8162907036154388 0.06996825534874446 0.10001239595491448
0 0.9078959492344142 0.6508459499911867 0.04541919885242397 0.06104730623087617
0 0.7820748432634705 0.7382206488166674 0.0352573565285946 0.053611967208226474
0 0.7584752511816967 0.6365317585315178 0.030267511651420713 0.0510962207738247