1 0.3713192501714025 0.6526766175026512 0.03667306051999967 0.0554060148537325
2 0.36925105940608766 0.6236623703585562 0.021746500514125862 0.011128224296854774
1 0.437620818378815 0.6404722601191092 0.029377608211328347 0.04769019649837029
2 0.4345045465896539 0.5981528124798898 0.021858385643636343 0.02074360891223939
0 0.40238827890126205 0.5670373991115306 0.01232691487538445 0.027282774182013397
0 0.47124753531559754 0.541779981179776 0.01232691487538445 0.027282774182013397
2 0.5301269383783255 0.6505496213206119 0.03672900308475491 0.06021370716142481
0 0.5398550501885346 0.5381571786326368 0.012298943593006829 0.024878928028167244
0 0.5561924758238496 0.5814011394105323 0.017218521030209617 0.034830499239434085
2 0.5858209835112623 0.6195599979424888 0.022026213337901786 0.03516668583531631
0 0.6759931855628707 0.623459650461435 0.0393845907799995 0.08201641584398117
1 0.672415387614479 0.6208036643606771 0.02691781949272709 0.042714410892737004
0 0.4513454553077658 0.5981275424885546 0.007351394873426424 0.01252351066305411
0 0.7147903794129404 0.5973029893823393 0.019678309748810872 0.03980628484506737
0 0.8674765671057376 0.6043711445708319 0.04164858052195742 0.07016527837269151
2 0.9520299096607031 0.6776461489554342 0.08301744822013919 0.11629209520692149
1 0.42667848198112207 0.5470837167063267 0.012159087181118732 0.012859697258936474