0 0.8145315454975263 0.5346640680332313 0.027317207789130073 0.04424872301837532
0 0.7858137500949757 0.5852652287234226 0.0706968656266708 0.11071975677085259
1 0.7672384462326848 0.5787883094487424 0.028045818067056416 0.053864107633759935
2 0.6671876706185541 0.59492140766438 0.02953890137349437 0.041942826089443594
0 0.6262850038443072 0.5483626975736309 0.024731209065802336 0.0417469276396146
0 0.6047041825855703 0.5022223167604892 0.01660890775685581 0.02943384919564055
0 0.5302580967257875 0.5221346404222175 0.016791060326337395 0.0318376953494867
0 0.5149256763635793 0.5902749011416826 0.008304453878427974 0.014716924597820206
0 0.4538456147605697 0.5638285033059327 0.01919490648018355 0.03193564457440113
2 0.4899585206024171 0.5949091372340535 0.031031984679932734 0.030021544545127253
2 0.5798309419257021 0.6672020682082016 0.0668357989169721 0.09139103831516894
1 0.46399094511738276 0.6658940156194799 0.05317719502240719 0.0692666768059814
2 0.39520810087854497 0.6650797992987723 0.037296897543477585 0.04944821222572561
1 0.36086292660563485 0.7050595507464847 0.06628934120852747 0.08417949985363048
0 0.9925926358185169 0.5060036408327253 0.014814728362966233 0.08869334448657937
1 0.4795772435502439 0.5374617026040319 0.015880297478929606 0.019818464580255934