2 0.49564694338787424 0.3980083072646128 0.13165605681495735 0.1871413480362083
1 0.3275705232924681 0.24562351709589952 0.07211739449348296 0.10579976518091513
1 0.4158963745026711 0.17064642299960273 0.039972192249038585 0.06624695267275954
1 0.6806002070661861 0.24354023131533922 0.05970651274230768 0.08855312131683163
0 0.8082848088604704 0.3116492226574468 0.0832434328963677 0.17103938796448964
0 0.5272286244733442 0.20695977731840173 0.04343909106816254 0.11200397375326855
1 0.12650964884845087 0.017628222111338358 0.027057759235363268 0.027365693424060637
0 0.1915533703529915 0.02590432974662006 0.027337509936752206 0.03938492419329141
0 0.23602452419914532 0.02745729665911365 0.02493366378290605 0.03930098003585932
1 0.2769178838846688 0.030086270412382186 0.02459796294123934 0.024877903112782408
0 0.31895721650683756 0.030353370090520613 0.02252981762905976 0.039217035878427245