1 0.23270178612385944 0.48033777852098036 0.023948017545156637 0.027449956098388874
1 0.11566411774138076 0.5219935175291233 0.03680848546367514 0.037625145383818455
1 0.24049794040512704 0.5970362779165279 0.061387430870797635 0.07228663994374565
1 0.44683860240754875 0.5415666192676625 0.030017565576780515 0.0420969548894837
1 0.8072357275434463 0.48133530699606647 0.04831665366495704 0.05970760450446992
1 0.8812291850943722 0.4718549026571717 0.038701269049572426 0.05925976076843384
0 0.9077314254336885 0.485102389773154 0.13136812122108227 0.18806643252474026
0 0.3742573772208679 0.5533948892933989 0.044350198506552536 0.0690990672518365
0 0.13842601290555462 0.47869463956271646 0.03326264887991444 0.05182430043887734
0 0.08331625926253441 0.6212526226380457 0.057751150293732 0.11281614175710321
2 0.7834675079393153 0.49933781988008413 0.08082850938888861 0.07558617356966398
2 0.42622502211324675 0.5956268244593724 0.08199992111951541 0.11633959725103957