0 0.7267243207055386 0.5861360970924301 0.026180125595701043 0.041005236293532615
0 0.6931436862903072 0.6304254437569916 0.0655133041085836 0.1037150138107544
1 0.6779596171256211 0.6219210786277339 0.024280200396499543 0.05060663574110244
2 0.5846556587705773 0.6358057265899411 0.02605414535704015 0.038601390139686595
0 0.5533324470319626 0.5911387803943802 0.021120472810686543 0.036169573650210736
0 0.5388361583702709 0.5465697303735227 0.015808859548349583 0.02652621869919641
0 0.4671038252805118 0.5617821679229862 0.013279033155842402 0.024108387377535605
2 0.4985104703770255 0.6966213152234076 0.05691598302177234 0.0772307506150025
0 0.4457994929214756 0.6241772791643753 0.005437593500998124 0.012047201104860341
0 0.39436365028146353 0.596225374703219 0.013405013394503566 0.026512233531381622
2 0.32948024736618575 0.687221899354003 0.03364362453456197 0.04585488410466928
1 0.3953970462389632 0.691212260699679 0.04641873673575972 0.06034788686682027
1 0.297605456982522 0.7219028539870872 0.05894188845963514 0.07003319732127868
0 0.915043192256836 0.5716019401819843 0.06703528859180188 0.08690207590164625
2 0.42049611818676047 0.625232357979243 0.03048389694874897 0.031417822013777436
1 0.4195989240872061 0.5735286879198285 0.01543091883236623 0.019314680237657946