1 0.8612258474874485 0.48132525990491776 0.16347479417092906 0.21569128730307435
1 0.8819778529604299 0.22823322754711778 0.06904640071217963 0.09272252625406138
1 0.9278056155751299 0.021888041364883128 0.03533326016398119 0.03801780563600905
1 0.7676732579366858 0.07701166469234437 0.02527003181256049 0.02784238864110539
1 0.757356460520071 0.03663630840903895 0.02023841763685014 0.022754680143653526
0 0.9537622365903327 0.3090195029250638 0.09247552681933459 0.21515496346444538
0 0.8636295154923425 0.041293259926636856 0.038632793789899506 0.05738858296165805
0 0.8553247009605424 0.011696283798612709 0.03645286950407139 0.023392567597225418
0 0.8080874848886868 0.020838860699970506 0.03142125532836104 0.04167772139994101
0 0.8126185887887042 0.0587265108896288 0.03337725774617111 0.047493182156513894
0 0.7188982359858802 0.09069913832968732 0.028569565438478807 0.04721316596675436