1 0.2622311332369601 0.6934468967865249 0.029559461787931954 0.04170472196841884
0 0.2587092825875766 0.6983595062633464 0.05203326298640398 0.09041114806011745
0 0.37641990883682985 0.621579931989773 0.019902117881854517 0.0390210966968947
0 0.37910257367235684 0.5685903994360284 0.010034977522312971 0.024318240656139523
0 0.4546558903557394 0.5567717542689292 0.012438823676159125 0.02438818543555909
0 0.537861318052935 0.5699836593789561 0.014926588411390922 0.02926582252267096
2 0.595274807063562 0.6212245724472131 0.024290217282618605 0.01512252471727202
0 0.4929225287169826 0.6133799178802345 0.00746329420569553 0.01463291126133548
2 0.5120903590117126 0.6092145904141092 0.026819941308543156 0.022404007958230047
1 0.6030527959494537 0.6534666611858775 0.04431821303655152 0.06135515987570491
1 0.5249697552401464 0.6581437126708578 0.03938464285678068 0.05400373185532759
1 0.5074775668043154 0.5516271998909308 0.012229027222694948 0.012368954666328317
2 0.42934040021996067 0.6909895807707152 0.0444021316179373 0.06616285218339722
2 0.3556664385567639 0.6726902042353179 0.027155615634085868 0.04163477718899928
0 0.21019178695837878 0.674518017236352 0.022305964035700673 0.039091041476313995
0 0.05467607454550332 0.7211317355909278 0.03731647102847724 0.07316455630667726