2 0.4299162874598545 0.38936553354151887 0.1232972952035772 0.17858387377535523
0 0.4469712568667739 0.19573704423047775 0.042921389859333366 0.11802620939131311
1 0.6084905013720874 0.22124234567919407 0.05924480144794231 0.08927795171986283
0 0.747760637485562 0.2805343523759971 0.0872396028958849 0.1783740962581333
1 0.24953509427901568 0.24737158980596768 0.06666613636294508 0.10133913799253796
1 0.32867928383999845 0.16757616360724892 0.03714863386570581 0.06270977751722193
0 0.1276346222526567 0.01247993995196963 0.021886371128772383 0.014548943433410092
0 0.09918708166808478 0.03548430042728565 0.025003525224396646 0.0554283132166095
0 0.1436372558688922 0.034023651745788835 0.022557719779857672 0.05301048189494855
0 0.22532606580896858 0.0311443098862396 0.01998603646324016 0.043381112111749144
1 0.18332169705270016 0.03499481955376777 0.019650362137697518 0.024150342880979905
1 0.03917484640331659 0.040641621930347864 0.02213812687292935 0.028972020356487025