0 0.7425214799216852 0.8522903924176727 0.2408741841604877 0.29541921516465475
1 0.450796870372488 0.6409810302163401 0.032378190211417884 0.043772742257544635
1 0.39580274519779846 0.6364101972996358 0.029581895572542375 0.03892309065915957
1 0.41378223774189166 0.5488586294923689 0.01040028158544332 0.009783221778155902
1 0.1627277803959789 0.631138223025508 0.02678560093366687 0.03407343906077451
0 0.1625315561534642 0.6335420691793542 0.041748195340617716 0.07034092782193085
0 0.10891100067637736 0.6121443131857268 0.022174132868489307 0.036393366633235016
2 0.253264459650239 0.6279040041187969 0.021781684383459884 0.03158567432554257
2 0.3069831272485831 0.6480998370355013 0.03277063869644724 0.04858043456523721
0 0.28534831349788486 0.5887440540686494 0.014570145921921492 0.03145979645346404
2 0.40505006058390597 0.5968516339879062 0.020604338928371827 0.017162597402465653
0 0.43875286361533933 0.5673490278438362 0.009370005129199764 0.026568185564386226
0 0.36960542025950976 0.5444766133837823 0.009370005129199764 0.026568185564386226
0 0.2988881829635629 0.5408349681544976 0.01417769743689214 0.02665210414577187