0 0.24475363480633813 0.38967818619059713 0.11551926879166058 0.182176629619639
0 0.4084926603688513 0.1442043300477944 0.023201802983246502 0.038839172077773924
0 0.3351753526765436 0.14548408841392574 0.025605649137092658 0.038881131368466784
0 0.33318574565686276 0.10588356581150345 0.023495650657989923 0.04605071053931239
0 0.3008317718048541 0.10404617008201049 0.025997446036750506 0.048496515983851365
0 0.30041753267068877 0.14368865197512562 0.028205393740767803 0.04373078296685188
0 0.22270677180485413 0.10540984702952749 0.02830334296568223 0.046134629120698066
1 0.1505424125770123 0.10787054882723549 0.025115903012520483 0.02686190059923598
1 0.2571972765139153 0.1432419961306735 0.020210261479913713 0.024374135864004182
1 0.3097737822761641 0.2972620704317761 0.051211298274185454 0.0777622627369335
1 0.012423298099215063 0.3987027872129189 0.024846596198430125 0.1304790409587776
1 0.3596832167312153 0.5462130881644552 0.14294106873311263 0.20667664335572164
1 0.36993317268239834 0.14727952485272586 0.020112312254999355 0.021970289710158027
1 0.3714513856685724 0.11001990946811045 0.017610516876238772 0.019524484265619053