0 0.29810912116256694 0.30520789648043906 0.12362138444163161 0.18466439435487073
0 0.5161839108042886 0.12453907155692782 0.02641859915141759 0.0412849775223129
0 0.44627421447087556 0.10169644980321199 0.02868243721038401 0.03892309065915957
0 0.4535094614733041 0.06066322802505604 0.0266986153411772 0.04609266983000523
0 0.42396326715275146 0.049147508744139236 0.026838623436056936 0.04849651598385138
0 0.41411416185415706 0.08661692058221877 0.02896245340014348 0.043730782966851914
0 0.3479039473398432 0.024005939063309296 0.029102461495023355 0.046134629120698066
1 0.2758004169949037 0.007328603272625341 0.02756237245134585 0.014657206545250682
1 0.3724087286694939 0.07290715160091997 0.023174704428292888 0.026819941308543156
1 0.383201206245681 0.23754963349403507 0.05750488251564762 0.08025002747216536
1 0.06512346941615 0.22986710601933494 0.048145805549132545 0.12571330794177818
1 0.36820399952217914 0.49648758616615696 0.15400762733146295 0.2116102135354925
1 0.4794961820696374 0.1143511532250126 0.020490842084687124 0.021970289710158027
1 0.48948529546311154 0.07928558754077922 0.017946987835961235 0.019524484265619053