1 0.45432434431784535 0.7747448728652782 0.061175188813901556 0.07340223784177351
1 0.5442233939669743 0.7444470301890497 0.05077490722845837 0.06356305266527766
1 0.5406180214683709 0.6267984440012824 0.01059650582795786 0.012243031330342
1 0.8185074333577036 0.6656566581400113 0.03777455524665422 0.05126407119465826
0 0.8563313422141108 0.6293481951401182 0.027178049418696358 0.039021039864316265
0 0.8287114907006322 0.673091997162661 0.07074141818561613 0.10241624210876064
2 0.7227214580670516 0.6826214466895306 0.03218196596890321 0.04153678629871776
0 0.6834260657578672 0.6421187330469024 0.024577979022335664 0.036561243570192165
0 0.6580631897654731 0.5959421048613253 0.01677776783325304 0.02918185468782042
2 0.649698288372433 0.7433030671305025 0.05896756690257021 0.07575013385534171
0 0.5875175990902058 0.6134943698837612 0.016581543590738226 0.026778008533974402
0 0.5796926119132054 0.6792924133430026 0.0055925892777510125 0.009727284895940231
0 0.5199399496744938 0.6527092253609512 0.019377838229613732 0.03164165098194452
2 0.5557522624960013 0.6799348350171479 0.031004620513815147 0.02711370937564111
2 0.47591000282487356 0.745256297344979 0.03478203636526404 0.04399658259284186