1 0.6574741563178824 0.7049857928638347 0.03098781790339335 0.04254548175394199
0 0.6595630518750758 0.7111354163433297 0.052612211668724956 0.0893386234360568
0 0.5393554117538417 0.6354153840724064 0.02137243328800901 0.04198544937442277
0 0.5361173616197719 0.5821807484505915 0.013279033155842402 0.024738502012860354
0 0.45824432209709415 0.5728227930593068 0.010875187001996248 0.024598493917980618
0 0.3766446439146281 0.5885652141885269 0.01353099363316473 0.029546194320552662
2 0.3195975698445525 0.6419054166691166 0.022390496816582364 0.015683149776994955
0 0.4215039600960496 0.6297569105002209 0.007967419893505441 0.014843101207716267
2 0.402336180984611 0.6274349226642596 0.027576129840258163 0.023174704428292888
1 0.3118872212380115 0.6740073195088404 0.0438889103432524 0.06007244530526361
1 0.39013820147667266 0.6761537364385867 0.0387032773195766 0.05258089065396568
1 0.40656162978940186 0.5698126190193918 0.010245285808690432 0.01257926314874985
2 0.489776947432269 0.7072744610389216 0.04414087082057459 0.06488013761295591
2 0.560748288280419 0.6872962342519734 0.026180125595701317 0.042265465564182245
0 0.7090887476966021 0.6862913474716945 0.02377627944185516 0.04212545746930264
0 0.8731904089707304 0.7296057521722444 0.05198231047541887 0.07731939266682603
2 0.9236286313207376 0.8253740152775563 0.03982687784824289 0.11974857486677812