1 0.8490395215563488 0.39515646008767963 0.03103198467993287 0.03136986529401698
1 0.6597817258453477 0.8993005330959414 0.07164349122466454 0.09462065844999976
1 0.38136876382277507 0.7058780915678782 0.042833200129096236 0.061057256289458635
1 0.3155541548215211 0.6995372115563396 0.0402472014057685 0.05844310084829046
0 0.3457154976294614 0.9219382027837612 0.09473532716513247 0.11574421126666633
2 0.27540086851704654 0.8083107049950858 0.07849072454723977 0.0904438940042735
2 0.48759195660743326 0.6227814020151006 0.03933643855836057 0.04642387007905969
2 0.6825974941150401 0.753327356919588 0.07626903096287499 0.09263743087079764
2 0.6907886821086046 0.5420896486617534 0.03951859112784243 0.04882771623290584
2 0.9736780552339387 0.5391180774297026 0.05135566932759134 0.047475416515669513
0 0.9393508123363213 0.56510925520107 0.06017071816387825 0.10078065047492867
0 0.9413143696252033 0.383453783295016 0.03802550782140393 0.06063663771481473
0 0.8663784589994074 0.5122088391205144 0.030449664220902298 0.05519801754515664
0 0.7985228895749938 0.4310332644087621 0.025277666774246817 0.049969706662820426