1 0.5448099942776239 0.7709252365748079 0.25488687026612994 0.3824069692397215
1 0.1425511770716818 0.46131825477236055 0.10471554367818794 0.14025673240464004
1 0.44645006871707343 0.31198644870054143 0.05920709422877698 0.0886477729624528
1 0.30706658077321536 0.14256385499980903 0.020462339504868386 0.028012101632425034
1 0.3925414134385913 0.15833632073081938 0.022866185658714608 0.02820832587493971
1 0.49892642934487164 0.13648130021402005 0.025381992746569645 0.03080839627130054
1 0.5006618238220113 0.09922168482940467 0.020238417636850414 0.023204409324732726
0 0.5378917920094506 0.12252440464147765 0.028569565438478942 0.047831543590738296
0 0.4620323439594593 0.10596704194040862 0.028681526372487963 0.05023538974458445
0 0.46510464179001193 0.14283420883999465 0.0283456435704609 0.043023851283045984
0 0.43254075777907985 0.14788708226778888 0.02605375835062377 0.04523147319437747
0 0.4306703830254503 0.1109218032469455 0.02616571928463279 0.04763531934822362
0 0.36406078959164045 0.1271352776084066 0.02605375835062363 0.04523147319437747
0 0.37986018069839694 0.4563151316864851 0.13748033021465716 0.22674603869943127