1 0.9124433816069973 0.5307046158912411 0.03197735182361109 0.03398402073518515
1 0.5336627273820505 0.9320826307542034 0.06579904839829052 0.04413988921923052
1 0.35469311389631347 0.6850552920318382 0.04472393441645295 0.06628556717179471
1 0.29775613309775584 0.6576507918506417 0.042264138122329126 0.0636714117306268
0 0.23251256634604628 0.8840623701875361 0.09889540302745736 0.12620083303133903
2 0.2152130818939096 0.751234614514388 0.08145302840747867 0.09828636032777747
2 0.4865140063149567 0.6387376666420237 0.041984387420940225 0.05165218096139604
2 0.6141376332737172 0.8242860404547021 0.08150897854775649 0.1006902064816239
2 0.706409979251602 0.6218982130059131 0.041984387420940225 0.05165218096139604
0 0.9151789088463135 0.7223813803369675 0.04310339022649583 0.09972910403831911
0 0.8796817228804481 0.6499200204443037 0.034940699380235044 0.058232791560968715
0 0.8508375789123926 0.5492886565641042 0.027617260638140968 0.052794171391310485